molecule_id	affinity	steric_sum	hydrophobic_value	hydrogen_value	wnrot
7757464	-13.5327	-11.75805167826	-3.77539317366	-2.75023666386	0.34800000000000003
6913268	-14.24375	-13.254330916849998	-3.8160683040000003	-2.16562324545	0.34800000000000003
5938798	-13.59388	-10.03917478681	-3.56891531822	-4.35581906427	0.34800000000000003
6419525	-13.84106	-11.290994624809999	-3.89397619164	-2.70345889629	0.29000000000000004
99812032	-13.35726	-12.544206408019999	-3.6992794160600004	-1.0154411810100001	0.29000000000000004
6676410	-14.29589	-13.37608561923	-5.01184510427	-1.3445891271000001	0.406
5894783	-13.5622	-10.683389460419999	-3.29599608607	-2.75446035027	0.232
7789430	-13.43397	-11.68149617542	-2.82507131819	-2.07129229083	0.232
7933109	-13.48671	-11.95509689675	-4.029760904810001	-2.23184524392	0.34800000000000003
5802936	-13.76771	-8.62027863203	-3.4515611180000003	-3.3034632165000004	0.116
5889545	-13.84956	-11.97126736153	-3.8178719026700003	-2.9219627067300005	0.34800000000000003
69704420	-13.59865	-14.21238068908	-3.4118595031000005	-1.5426970554600001	0.406
7628376	-13.36275	-11.647239606389999	-4.32868064425	-1.2947038072200001	0.29000000000000004
7987246	-13.57146	-11.83271970302	-4.60025883784	-1.1017888396200002	0.29000000000000004
5244172	-14.19982	-10.77313043974	-3.4274697670700003	-0.0	0.116
5977331	-13.51378	-12.44419117363	-3.0364767188200004	-3.5569783913400004	0.406
5586857	-14.11979	-11.3408341791	-2.4405537607900003	-0.33825912498000005	0.0
6790307	-13.57313	-8.830769728659998	-3.1453393113800003	-3.9807568859400004	0.17400000000000002
7958749	-14.00823	-13.49613077808	-5.038158427040001	-0.39094652889000003	0.34800000000000003
36518361	-13.62608	-13.637008169609999	-3.77380033968	-0.9897289759800001	0.34800000000000003
5826583	-16.30703	-13.005368109860001	-3.30038882901	-0.0	0.34800000000000003
6100951	-13.41393	-11.2219766284	-4.061085938370001	-2.8394334016200005	0.34800000000000003
14524954	-13.5558	-15.6391411958	-2.99417438688	-1.26096718545	0.464
45385815	-15.02483	-11.04322208579	-4.11938218914	-0.74317495329	0.116
6896923	-13.58704	-10.67213283633	-3.4352610468000004	-1.8619466544	0.17400000000000002
6567030	-14.04401	-10.62202194	-3.6279143517500003	-3.0835671756300003	0.232
7874897	-13.56767	-12.40278385668	-3.8380569176900003	-2.8798433304300004	0.406
5225419	-13.92026	-10.27425186483	-3.8543727699400003	-0.6070535882100001	0.058
5755494	-13.42559	-12.282874812550002	-4.629887934560001	-3.56167790334	0.522
7917680	-14.18458	-10.753384132460003	-2.7029663205400003	-3.2169510749700003	0.17400000000000002
40101449	-16.1054	-13.587305951049998	-2.9287910419000003	-0.53218448766	0.29000000000000004
7615728	-13.51294	-9.42846941455	-4.428014638820001	-4.38959680677	0.34800000000000003
5852574	-13.9724	-11.05449213311	-3.7809340756600003	-4.0307126985	0.34800000000000003
5249216	-13.59734	-11.21549973991	-3.3168937031700003	-1.44930600324	0.17400000000000002
6502515	-13.69193	-12.91680380132	-4.33845051696	-0.44055575244	0.29000000000000004
6954507	-13.56146	-12.385935337220001	-2.7398995885800006	-3.19266047232	0.34800000000000003
7747752	-13.85715	-11.68654196405	-4.09438114835	-1.31601609414	0.232
7825815	-13.46252	-11.72609053396	-4.18982634151	-3.0687813360000002	0.406
6868452	-14.44663	-13.442804836	-4.63777565404	-1.85625437049	0.406
7012255	-13.78282	-12.249518346669998	-3.9250231280300003	-2.4394638096900003	0.34800000000000003
5558738	-13.79732	-11.570813855	-4.8004617971100005	-0.65366099847	0.232
6570347	-14.03079	-12.711073243599998	-4.5744711993800005	-1.6681505283000002	0.34800000000000003
7737412	-13.89143	-12.9130626113	-4.513122192160001	-3.77675107002	0.522
7922825	-14.94468	-14.234174945279996	-4.49108518325	-0.5865872134500001	0.29000000000000004
21752639	-13.27773	-9.620005182449999	-2.99681332913	-4.534799978790001	0.29000000000000004
5975317	-13.3858	-11.637887183520004	-3.5712526670700004	-2.87361060264	0.34800000000000003
7575147	-13.50023	-12.402301803719999	-3.7791655459900007	-2.05531982442	0.34800000000000003
6153423	-13.55458	-10.873549103629998	-3.28607646873	-1.77255018738	0.17400000000000002
5529239	-19.1473	-15.54977198799	-3.2802522092100004	-0.3145735845	0.232
7847839	-13.80959	-12.51543621169	-4.54802601717	-1.59170709123	0.34800000000000003
6180632	-13.42793	-11.648194840609998	-4.254788507800001	-2.23434773406	0.34800000000000003
7685818	-13.49683	-12.78547216258	-4.36784359931	-1.08565776468	0.34800000000000003
7954512	-13.57761	-10.81391956876	-4.46358126793	-3.05878312422	0.34800000000000003
7912904	-13.39063	-13.38324736509	-3.4605868265300006	-1.2430679191200003	0.34800000000000003
6488360	-13.8413	-13.03767110346	-5.16511206463	-1.29837530097	0.406
7966281	-13.88476	-12.218471407300001	-4.477142450230001	-1.24300917522	0.29000000000000004
13300145	-13.46741	-13.9592985805	-3.38778498529	-1.6280871885000001	0.406
5893952	-13.54651	-10.94955456542	-2.93694949406	-2.8263158887500004	0.232
7724534	-14.27836	-12.94488933932	-4.41423006699	-1.5093540178200002	0.34800000000000003
7960100	-13.27194	-12.61423996381	-4.20779219021	-1.10581867116	0.34800000000000003
7785049	-13.40931	-14.2741903059	-3.4560566131100003	-1.95261198966	0.464
22979704	-13.64676	-11.821747847280001	-3.8852159554400005	-1.9258952639400002	0.29000000000000004
15446531	-13.53563	-12.654777971950004	-4.383138592970001	-1.24165219113	0.34800000000000003
5303552	-16.53392	-13.63779898575	-2.60234354022	-0.29412483291	0.17400000000000002
5318158	-14.57434	-11.323376785350002	-2.56847390002	-0.6836438850300001	0.232
6077555	-13.42173	-11.325410262390001	-3.11480262894	-2.1214713302100003	0.232
5654980	-16.46338	-12.77395838541	-1.9595620857700002	-1.7347308645600001	0.29000000000000004
30013164	-13.44368	-13.497880084799998	-3.1052333509100003	-0.7748966592900001	0.29000000000000004
17846388	-13.3778	-13.10963179951	-3.9243655842800007	-1.03599567162	0.34800000000000003
18905588	-13.41851	-13.33581340817	-3.4733333559600004	-1.3142244051900003	0.34800000000000003
50219743	-13.77525	-9.556876140210003	-2.83287802828	-2.9987879791500003	0.116
7610606	-13.49532	-12.50411317211	-4.59368375103	-2.70724200345	0.464
64871324	-13.66309	-10.800455885849999	-3.5478486685400004	-1.70840772297	0.17400000000000002
17856961	-13.55232	-13.02018573609	-3.63168216511	-0.46782467082	0.29000000000000004
63840968	-13.37161	-14.385264127929997	-4.04541219951	-0.4169642022	0.406
75768203	-13.37283	-12.08008717733	-3.70886166962	-2.2743464555700004	0.34800000000000003
5636202	-14.87496	-12.13113243592	-2.20780501607	-0.53536253265	0.0
6974614	-14.78681	-12.19405490246	-3.2376633635400003	-1.9476187581600002	0.17400000000000002
5542371	-14.34948	-12.1288672808	-2.2193872547	-0.0	0.232
7986306	-13.45017	-12.299379724480001	-4.625892874080001	-1.2377750937300003	0.34800000000000003
7989342	-13.87154	-10.16072208474	-3.8067357417200003	-3.1485085570800004	0.232
5558557	-14.40054	-9.48466762436	-4.33283141109	-0.58158223317	0.0
7850316	-13.62683	-14.097517332299999	-3.65658641546	-3.4434499302	0.5800000000000001
7496663	-13.46611	-11.667056645199999	-3.9960532833900007	-1.7369748815400001	0.29000000000000004
7960304	-13.62782	-13.24485383984	-3.5572608374500003	-1.5994554116400002	0.34800000000000003
88245661	-13.89527	-12.43655862824	-3.4849506635900003	-2.8474636927500003	0.34800000000000003
5104073	-14.51961	-14.93656148178	-5.836465285450001	-0.5340995388	0.464
7778356	-13.94542	-10.71170756999	-3.7005001679500005	-2.79384813522	0.232
6430369	-13.82722	-11.272739289089998	-3.64275765669	-2.15722874214	0.232
7968280	-13.42792	-11.507386638849999	-4.03551888392	-1.0248989489100002	0.232
57295921	-13.66084	-15.435867686749999	-4.98554405565	-0.42655120668	0.522
54720147	-13.86685	-12.690004817890001	-3.7223849774000004	-1.51052302143	0.29000000000000004
35004992	-13.56056	-14.21434029805	-3.71833906687	-0.38825605827000004	0.34800000000000003
5794564	-14.29153	-11.27347536278	-3.0204557968600003	-0.0	0.29000000000000004
48331295	-13.67602	-13.47107171445	-4.6460017893700005	-2.3561943314400002	0.522
6942843	-13.53353	-11.15445161584	-3.61982077724	-1.9276693297200003	0.232
6430253	-13.56998	-11.614903930780002	-3.39968214354	-1.73050717815	0.232
5543524	-16.23175	-12.70733756277	-3.4300690813500005	-0.0996296544	0.232
6732883	-13.61456	-11.660080986819999	-3.8726801907000006	-2.8534027010400003	0.34800000000000003
7087925	-13.99377	-12.072461430910002	-5.07216062806	-3.3948628505100005	0.464
5469112	-13.7335	-11.6018633204	-2.3105242212100006	-0.6228674460900001	0.464
5466378	-14.89854	-11.409615134180001	-3.4892876468200007	-0.0	0.522
5649762	-13.49774	-9.989859035850001	-2.86632684048	-0.64078433559	0.29000000000000004
5490618	-17.58874	-12.569645208979999	-5.02522182363	-0.0	0.464
57578731	-14.77483	-13.148892211249999	-4.239844204140001	-1.7065514157300001	0.29000000000000004
5560714	-16.15363	-12.125715029819998	-4.028313256490001	-0.0	0.29000000000000004
9210343	-13.43405	-10.288370021459997	-3.3699274998	-2.9163702874500004	0.232
7909719	-13.45739	-11.28205550762	-3.4874510832900003	-2.62664537265	0.29000000000000004
12444559	-15.46083	-15.915580102249995	-3.4344397308200003	-1.5395953775400002	0.34800000000000003
5745316	-13.36174	-11.71601822292	-3.8735604226	-2.45768616747	0.34800000000000003
7917348	-14.11392	-12.768836975300001	-3.2542320632800004	-2.21671281528	0.29000000000000004
7907423	-14.41119	-11.965867867979998	-4.363707561450001	-3.1389039294300005	0.34800000000000003
7722059	-13.51142	-12.40405962318	-4.279183205580001	-1.1729688232500002	0.34800000000000003
7925657	-13.9202	-12.391577867850001	-5.11484486141	-2.93309467578	0.464
18104034	-13.66936	-12.338298693639999	-3.7638828264800006	-0.7608803647500001	0.232
7916338	-13.91738	-12.11564399964	-4.47362713367	-2.21542632387	0.34800000000000003
6004874	-13.49907	-11.701838424700002	-4.20735978944	-1.5377978142000002	0.29000000000000004
80407991	-13.43431	-10.53402482924	-3.6965752454700005	-1.5553739890800002	0.17400000000000002
5789710	-16.07575	-13.329108087090002	-2.7467127939	-0.0	0.754
7980571	-13.50922	-10.693759665940002	-2.6443502404900006	-4.11415840845	0.29000000000000004
5806765	-16.93733	-13.142432462939999	-3.6926783781900006	-0.10519857612	0.464
5706085	-14.11737	-12.75872245648	-1.35837982981	-0.0	0.406
10880970	-13.44179	-15.33669594319	-4.2146660649	-0.96059787597	0.522
5666472	-17.67849	-12.878373681610002	-4.80573126505	-0.0	0.5800000000000001
5323944	-14.37395	-11.31360334285	-2.4383840417600005	-0.6238249716600001	0.34800000000000003
7276788	-13.38762	-12.6881115097	-4.859808364430001	-0.53661377772	0.34800000000000003
37061291	-14.24438	-15.143819844019998	-3.60356594505	-1.3246808193900002	0.406
5527176	-13.55255	-11.241081324509999	-2.3091435546800003	-0.0	0.17400000000000002
5766735	-13.92114	-11.70449468811	-4.150837328690001	-2.95060623237	0.34800000000000003
13063383	-13.59721	-11.80214720136	-3.3722353906900002	-1.6077617991000002	0.232
7725902	-13.41825	-12.14852936839	-3.5407591195000006	-0.86901026148	0.232
7655556	-13.38949	-10.135929409199997	-3.9968861721400004	-3.18619864332	0.29000000000000004
5535356	-14.96286	-11.28235811997	-3.40910974281	-0.27026306073	0.29000000000000004
16102179	-13.35928	-14.494814922160002	-4.53315676117	-0.587439	0.464
5158559	-13.76741	-10.59102068	-3.8241948433700004	-4.18228370928	0.34800000000000003
7906677	-15.34796	-12.454503436179998	-4.94372076625	-3.334891203	0.34800000000000003
5705831	-13.4165	-11.086824705389999	-1.77035886904	-1.34267407596	0.232
7188073	-13.63616	-10.5839143143	-3.6929512150100003	-2.54821639176	0.232
9202766	-13.64451	-11.30579331141	-2.88454413391	-3.44278612413	0.29000000000000004
5928783	-14.03728	-11.158176188819997	-3.6863386043700004	-1.6573886458200002	0.17400000000000002
21057936	-13.55904	-12.80890746184	-3.41547196079	-0.50633717166	0.232
6585494	-13.54203	-11.39059098953	-2.3406979395000005	-4.56145796061	0.34800000000000003
5480902	-14.36724	-10.46548305583	-2.9266788360300002	-0.97765710453	0.232
5477384	-14.55721	-16.36129114362	-5.876685220170001	-1.2583413331200002	0.638
7924698	-14.03698	-11.707274429980002	-3.9962636973900008	-4.0841696475	0.406
7887117	-13.56405	-12.113036730820001	-3.9042324713800003	-3.1003268103000003	0.406
7925109	-14.50875	-14.160697303160001	-4.4216713581	-2.7158656079700005	0.464
7983433	-13.43643	-11.33465800378	-4.02241815759	-2.7920858182200003	0.34800000000000003
5562736	-13.64735	-10.31230266909	-2.1525373241400003	-1.1825029582200002	0.406
5186601	-14.79376	-8.90388978666	-3.42843241112	-2.45444937858	0.0
6149475	-13.93275	-10.572188861099999	-3.1484467754700005	-2.65174664112	0.17400000000000002
5186922	-13.7237	-12.684303864449998	-4.0319986577	-3.40983079623	0.464
5377079	-14.8385	-10.154934253299999	-1.5750690766700002	-3.1085039611800003	0.116
5858520	-14.0274	-11.06907508022	-4.9594404455	-2.10257341758	0.34800000000000003
7936580	-13.37015	-11.43829875626	-3.3529190348	-4.05439823898	0.406
15209105	-13.88251	-11.3147199928	-4.2816268135	-0.7221563858700001	0.17400000000000002
7250494	-14.12265	-15.392913511649999	-4.79973586881	-0.5350746875400001	0.464
7643243	-13.48012	-13.33526651459	-4.094651881030001	-0.7725410289	0.34800000000000003
6386266	-13.66337	-11.37902117118	-3.8766587687500005	-2.40369464898	0.29000000000000004
46476744	-13.48115	-15.416709557359999	-4.865164803490001	-0.28558934424	0.522
66883406	-14.2932	-13.68777162417	-3.3793782446100007	-1.3957433152200003	0.29000000000000004
7476610	-13.45129	-13.419251286700002	-4.194576086870001	-2.12681115072	0.464
7893064	-13.73896	-13.49962487158	-3.53832322676	-1.5239636257500002	0.34800000000000003
7887255	-13.76423	-13.231248767209998	-4.31911592519	-1.03540235823	0.34800000000000003
84829256	-14.13326	-14.97179414209	-4.09023914876	-0.85541692302	0.406
5552332	-15.06335	-11.45595064106	-3.6024041090800005	-0.0	0.232
7754346	-14.57841	-12.19001264918	-3.1271237714	-2.67094414764	0.232
7821653	-13.51212	-13.686919606379998	-3.91823166549	-3.01730993082	0.522
7933902	-13.42689	-14.491612027749998	-4.508741723370001	-0.70687709748	0.464
7952794	-13.36501	-14.01836078122	-3.5797867082200003	-0.4454549937	0.34800000000000003
5705842	-15.83823	-13.005267998469998	-1.97232018797	-0.86170839471	0.34800000000000003
7651887	-14.00665	-11.72961491745	-3.4372526153100007	-1.29404587554	0.17400000000000002
5713980	-17.50857	-12.2310036316	-4.37590140344	-0.90211832352	0.34800000000000003
5966968	-13.52428	-8.766116853699998	-3.4080352286500006	-2.53956341529	0.34800000000000003
7706814	-14.12754	-12.671647658039998	-4.363269549640001	-2.05341652206	0.34800000000000003
6531887	-13.74478	-14.16068152825	-3.9249747328100004	-1.28967532938	0.406
31328148	-13.77642	-11.744153108069998	-3.5774458524700004	-0.46631495259000005	0.17400000000000002
9006890	-14.14751	-11.9150691308	-4.6701141817	-1.7058699864900002	0.29000000000000004
80922250	-13.43019	-11.82661996271	-2.8112741215200003	-1.9350710611200002	0.232
5227279	-13.88996	-10.363522654430001	-2.82546268823	-0.70496792073	0.34800000000000003
7924688	-14.54529	-14.76340050817	-5.447329491440001	-1.98502099929	0.522
7813090	-13.8314	-13.24953217421	-4.40037781199	-1.43354501487	0.406
6431823	-13.67638	-11.01203597587	-3.66829420111	-2.19673401489	0.232
5893955	-13.50228	-11.370506388389998	-4.00228153779	-2.07740165643	0.29000000000000004
7967434	-13.63425	-13.34147552822	-4.1020735335000005	-0.96959744145	0.34800000000000003
7934721	-13.4945	-12.788743834100002	-4.661621521970001	-3.1454362511100005	0.522
7660100	-14.95774	-11.65065643173	-4.06365860021	-1.8668223981000003	0.17400000000000002
7519447	-13.81843	-14.665630834109999	-5.029469380910001	-0.58575305007	0.464
7751479	-13.56806	-11.442908487650001	-3.8279942188300002	-1.4718342888900002	0.232
7935958	-13.50997	-12.022925377630001	-3.9702796725300002	-3.04548350526	0.406
89525164	-13.68955	-12.182851945349999	-2.6745783157300003	-3.63490804908	0.34800000000000003
5240920	-14.89378	-12.10954711861	-2.4790591721000004	-0.30461649344999997	0.406
98358186	-13.45097	-13.02676523038	-4.12809999185	-1.0162694700000001	0.34800000000000003
6765358	-13.74387	-11.485690479939999	-3.1180829832000003	-3.96757475478	0.34800000000000003
17020262	-13.45613	-14.0047923847	-3.06279880884	-0.31987228428000003	0.29000000000000004
5894432	-13.44359	-11.25923583039	-3.9534381359700004	-2.16428388453	0.29000000000000004
7781716	-13.80314	-13.505400499610001	-4.82997236061	-1.92731686632	0.464
5757137	-14.44863	-10.26104750672	-3.2123154903400004	-0.97869099717	0.29000000000000004
5218032	-13.85149	-10.58941085167	-2.2431138880300003	-1.8247147705800002	0.29000000000000004
7816675	-13.57303	-12.23129807284	-3.7848179674100004	-1.5278877182700001	0.29000000000000004
26412249	-13.68737	-12.481715611679999	-3.65024523888	-2.35696975092	0.34800000000000003
7893454	-14.94752	-15.36813609451	-5.42139105628	-2.01936855762	0.522
5221929	-13.40386	-12.16772874035	-2.5162091665600004	-4.98946601601	0.464
6861828	-14.66396	-12.566739297140002	-3.6195826587300006	-3.6233355007800006	0.34800000000000003
7952052	-13.64606	-9.419233971039999	-2.4227071466900005	-4.195559830680001	0.17400000000000002
9219539	-13.48305	-11.95431065609	-3.1478179883000004	-2.33249704218	0.29000000000000004
7361176	-13.78932	-12.753290859429999	-3.5080965542800002	-3.17184750855	0.464
5784512	-13.4278	-9.51564172519	-4.2061839258700005	-1.28281991625	0.116
7906999	-14.44195	-14.54746578823	-5.0920479072700005	-2.40038149302	0.522
41118778	-13.60198	-9.30810469923	-3.26822424359	-4.20861859965	0.232
6272919	-14.42308	-13.48464376684	-3.8816999375000005	-2.96007574905	0.406
6451140	-13.54506	-14.972666439870002	-4.905885874220001	-0.7928018000100001	0.522
5743617	-14.19028	-10.97675481205	-3.4740403470000003	-2.23434185967	0.17400000000000002
5225644	-14.07379	-10.18916806435	-1.85737908564	-2.03055339618	0.116
7505301	-13.47942	-11.04422405994	-3.8959032331900003	-2.87407467945	0.34800000000000003
7767962	-13.85974	-11.532280770029999	-3.94933962194	-2.43197983683	0.29000000000000004
5475372	-15.38014	-11.29609163128	-3.7003798812800004	-0.38719279368000004	0.29000000000000004
6431808	-14.31485	-12.78572615913	-4.6441255978700005	-1.0632058461	0.29000000000000004
6799756	-13.57254	-11.632336101069999	-3.87882813709	-2.82507051807	0.34800000000000003
64055735	-13.73187	-12.445652298729998	-3.98096379407	-1.3182894830700003	0.29000000000000004
7761809	-13.43321	-11.382069818639998	-2.6014050937800004	-2.5954464873600003	0.232
7921452	-13.96704	-12.620628648659999	-4.83917972656	-3.04416176751	0.464
5428517	-13.29033	-11.69496829082	-3.92334753121	-0.0	0.17400000000000002
5647475	-13.94645	-13.26035571305	-1.93092053209	-0.38476079622000003	0.812
7010778	-13.3637	-12.59069083589	-4.516132515120001	-1.72997260866	0.406
5680429	-13.88143	-12.819178552390001	-2.46200932568	-1.8470961964800001	0.232
7940486	-13.60374	-12.74106438411	-4.68081233084	-1.3493415086100002	0.406
18714387	-14.33111	-12.638731603170001	-3.6803614440100003	-0.5217985661400001	0.17400000000000002
9015167	-14.32027	-12.59050710693	-3.86732234888	-1.2122743667400002	0.232
5669764	-14.01781	-13.06122988101	-4.08341717619	-1.7968114180800001	0.34800000000000003
68060252	-13.95966	-14.2091126662	-4.11726858051	-0.53624369115	0.34800000000000003
6924367	-13.53316	-12.368125600820001	-4.504875716810001	-1.40058968697	0.34800000000000003
5344794	-13.39466	-11.90924909184	-3.27115320647	-1.34809613793	0.232
5674438	-13.96993	-11.56650090515	-4.091551781430001	-1.57460674194	0.232
5174778	-15.04032	-12.05551559725	-3.6038587712	-0.26137510866	0.232
5177070	-16.36249	-12.77294677488	-3.0373941238600004	-0.5558524049700001	0.29000000000000004
5489545	-16.11409	-11.225267498529998	-4.48595809545	-0.40502744172000005	0.232
5612269	-14.64082	-9.63680874049	-3.7593901368900005	-1.6713403220700003	0.29000000000000004
7957047	-13.79843	-12.46867307889	-3.7789442606000003	-1.5825430428300002	0.29000000000000004
7875167	-13.38313	-10.598231101259998	-4.355145465100001	-2.3482286586	0.29000000000000004
5476594	-17.97678	-14.10439151438	-3.53110988415	-0.34183662849000007	0.5800000000000001
5791134	-14.54542	-12.06217834933	-4.20625546663	-2.1111265294200003	0.29000000000000004
7928463	-13.63083	-12.087863286769998	-3.16146298551	-2.3634080823600003	0.29000000000000004
29346344	-13.38221	-13.44343429248	-3.6896400000300003	-1.7284041465300002	0.406
6431251	-14.18674	-11.866225224289998	-3.63750993153	-2.00133418032	0.232
81730821	-13.33031	-12.973611190640002	-3.5236875303000006	-1.50764457033	0.34800000000000003
43889112	-13.39019	-10.980745478780001	-3.7581956867500006	-2.5680013372800006	0.29000000000000004
5338339	-13.74899	-10.5248182389	-3.2282669756800004	-0.0	0.232
7907504	-13.79011	-12.09435881763	-3.7145719548900002	-1.2080918010600001	0.232
6153491	-13.3756	-10.3985988835	-3.00868032804	-3.4818919383600004	0.29000000000000004
7653064	-13.5003	-10.37171564606	-3.1966919001500003	-2.2965340266000003	0.17400000000000002
7582132	-13.85261	-12.40102317768	-4.05002692922	-3.0726231870600005	0.406
7669944	-14.70483	-11.9988016605	-4.111765202340001	-2.89005302025	0.29000000000000004
7917683	-13.41362	-11.17805095095	-3.23815468023	-3.70219918653	0.34800000000000003
5105936	-13.47279	-9.784380324179999	-3.6873356160400004	-0.0	0.34800000000000003
7967187	-13.59292	-12.934707868790001	-4.25889824391	-1.1636167943700002	0.34800000000000003
7517583	-13.40295	-14.10432126724	-3.1789417258000006	-0.8232017682600001	0.34800000000000003
5112888	-13.93882	-10.38481396369	-3.2982832862500002	-0.25402624677	0.29000000000000004
5365733	-14.74038	-12.027640967229999	-2.1338245057400003	-0.58139425269	0.406
7829061	-13.51932	-10.13684815364	-4.093989076930001	-4.027969358370001	0.34800000000000003
7921248	-13.55132	-12.118317809969998	-2.91972009436	-1.68004029366	0.232
5244215	-14.55384	-10.054613675359999	-2.33807618106	-2.16508867596	0.232
59157802	-14.54875	-16.126311327529997	-4.507798016580001	-0.7243651565100001	0.464
5304307	-13.47189	-9.624391965609998	-3.7007077764300003	-1.72152523584	0.116
7871316	-13.41293	-12.915917806560001	-3.6810386264000003	-3.0925314947700002	0.464
7646664	-13.60076	-10.15499642061	-3.2096221911400002	-3.41685069228	0.232
5601972	-16.86009	-14.565223827730001	-2.16250709015	-0.12865501539000002	0.34800000000000003
5636517	-13.92331	-11.79570535069	-2.7515856314500002	-0.19085305671000002	0.058
82324704	-13.69338	-14.571063761909999	-3.3704826420700003	-0.55413708309	0.34800000000000003
61503919	-13.51917	-13.241738871819999	-4.1203006462500005	-0.49917629025000004	0.34800000000000003
6530534	-13.52894	-12.64546312968	-4.4579130654600005	-0.3814241427	0.29000000000000004
5546677	-15.95704	-13.36363090727	-2.5719685258700005	-0.02230505883	0.116
7446774	-14.66944	-13.31500349682	-5.472079438190001	-1.02665539152	0.34800000000000003
6600111	-13.35732	-9.794132148130002	-3.3057073935500005	-2.59981703352	0.17400000000000002
7964961	-13.49918	-11.92920660318	-2.5004723035000005	-3.0148838077500004	0.29000000000000004
7787445	-13.36334	-12.37954162261	-4.19969405673	-3.03295343139	0.464
7774480	-13.40249	-9.892880075700003	-3.6288990892700004	-2.23474719258	0.17400000000000002
7984292	-13.37038	-13.760019241509998	-4.27613465741	-1.58657287437	0.464
6565360	-13.67994	-12.962653023469999	-4.26876104947	-0.44655937902000004	0.29000000000000004
94666253	-13.40127	-13.389735683799998	-3.22243640374	-1.4875189101900002	0.34800000000000003
6822946	-14.20911	-12.13396870373	-4.3179092009	-2.74252946418	0.34800000000000003
7965741	-14.02238	-13.65390176496	-2.9943030901100003	-2.29216348044	0.34800000000000003
6786416	-13.60845	-10.14871170734	-3.8118708953900002	-3.6313422943500004	0.29000000000000004
7181107	-13.67384	-13.56064292959	-3.5468807641400004	-1.3644856860299999	0.34800000000000003
7628744	-13.85988	-14.203825219229998	-4.4388183456500006	-0.8903577947400001	0.406
33198865	-13.29652	-11.565625808980002	-4.27145084177	-0.57408063714	0.232
92928535	-13.81426	-16.17959937527	-4.332704812	-0.5784511833	0.522
7928070	-13.7926	-11.62729761696	-4.378728666220001	-2.62524726783	0.34800000000000003
7155630	-13.74431	-10.87205796102	-3.7646771393300007	-3.1302744505200004	0.29000000000000004
94650209	-13.86649	-10.04789829592	-3.4383923578100006	-2.8142616404700003	0.17400000000000002
5233477	-13.41615	-12.71532622951	-3.62880966332	-0.20970397422000003	0.232
5221103	-14.05596	-10.19320880891	-2.8884708098400003	-3.43519053786	0.17400000000000002
7982539	-13.89598	-11.46381029917	-3.39607354344	-1.47268607544	0.17400000000000002
6871650	-15.65497	-13.62882484249	-5.70102600193	-1.3607436996	0.34800000000000003
5200120	-15.02082	-12.350351077930002	-1.7916766127600001	-0.8763003794700001	0.17400000000000002
7987590	-13.36374	-12.880526358039997	-3.40437718126	-2.5512593257800003	0.406
5546609	-13.86428	-12.083109770599998	-4.62672506145	-2.0247494988600003	0.34800000000000003
6065232	-14.18139	-13.58758668134	-4.479282711300001	-1.9196449129800002	0.406
7930722	-13.40885	-11.91806577463	-4.49172905009	-1.6966648173600003	0.34800000000000003
5604882	-13.82689	-14.024029864809998	-4.74836574554	-0.7139792349900002	0.406
7935455	-14.71067	-11.71740291514	-4.316042828720001	-3.8435722562700003	0.34800000000000003
7214538	-13.48425	-11.56697759268	-2.95146806006	-3.7010536804800003	0.34800000000000003
6241424	-13.88865	-11.433642855180002	-3.8654703549900002	-1.8310121166600002	0.232
87546520	-14.29071	-13.577063048649999	-4.929478894660001	-2.46222119655	0.464
96119944	-13.66444	-12.45477562394	-3.492732124	-0.91149384996	0.232
29954370	-13.89904	-12.68502956218	-3.0012099296600003	-1.4690674512000002	0.232
7187900	-14.0908	-15.002967053039997	-4.827953438280001	-0.84125376873	0.464
6240290	-15.28244	-12.33703352849	-4.939937873220001	-2.4822939871800003	0.29000000000000004
5814077	-13.97098	-11.014519525859999	-2.2383494136900004	-0.7184378970000002	0.406
25159097	-13.43754	-13.20805477333	-3.64076152921	-1.30709289573	0.34800000000000003
77115388	-13.68352	-11.083338391149997	-3.8133764075600003	-1.9806328299600002	0.232
7837409	-13.37461	-10.83503301297	-3.7840068214400002	-3.4495710445800003	0.34800000000000003
5712825	-15.67776	-13.11946361537	-1.50430544571	-1.05282579897	0.464
6824105	-13.61386	-11.974972189099999	-3.09332181437	-3.3185192780700006	0.34800000000000003
5485084	-15.22362	-10.716580951730002	-1.7703932366600001	-2.7390518253000002	0.406
5374451	-14.35933	-10.749903614419999	-2.6217356451500002	-0.9879784077600001	0.116
7738752	-13.67413	-13.190028614529998	-4.23425736175	-0.25004341035	0.29000000000000004
12283656	-13.49746	-11.7087605541	-3.29266067348	-1.6547804166600002	0.232
30483528	-13.48121	-13.448194352909997	-3.53966672015	-0.44132529753000005	0.29000000000000004
5801642	-13.34925	-10.89860882293	-3.2757539085800005	-3.0842016097500005	0.29000000000000004
6388145	-13.71208	-12.07616926445	-4.1305530684	-2.3172001306200003	0.34800000000000003
7916697	-13.39985	-12.561571356060002	-4.05920834411	-1.4828135238000002	0.34800000000000003
6775486	-14.512	-10.433822582860001	-3.1379050340700005	-3.48857111979	0.17400000000000002
5540794	-13.68463	-10.86579477882	-4.03323448926	-1.18906465185	0.17400000000000002
6673798	-13.46008	-13.129637366	-3.40560985661	-3.2167337225400003	0.464
7371210	-13.41133	-11.817709371299998	-4.01717113381	-1.50182892423	0.29000000000000004
6394715	-13.92407	-11.648241054429999	-3.4855205348400005	-2.0469370698900002	0.232
7973471	-13.93428	-14.652393376269998	-4.748785872160001	-1.04681042361	0.464
6238922	-13.44205	-11.609563566719999	-3.9292875184300007	-1.05156867951	0.232
6965580	-13.62927	-11.264698709679998	-4.298843237670001	-1.2527077931100001	0.232
7746310	-13.88947	-13.98171216407	-4.21297328427	-1.37785579767	0.406
7731644	-13.4696	-14.64727283848	-3.3063922911200003	-2.60626123935	0.522
5766596	-14.62172	-12.773461534099999	-3.76916106167	-0.6422999282100001	0.34800000000000003
5786393	-15.91569	-12.80108578317	-3.108901919	-0.0	0.5800000000000001
48725552	-13.7901	-10.67361594311	-4.43693268552	-1.08448288668	0.17400000000000002
5211188	-14.33896	-14.70709310058	-4.730648886740001	-1.61007043437	0.464
5470140	-17.4409	-11.91117946524	-3.37607439412	-2.1469661828100004	0.17400000000000002
6432583	-13.60581	-11.89081856115	-3.6357217632200003	-1.2583589562900002	0.232
7962622	-13.76109	-12.074686265450001	-4.812670718770001	-1.70313252075	0.34800000000000003
6811274	-13.598	-12.536294736599999	-4.507736996520001	-0.92491683111	0.34800000000000003
7916145	-13.77736	-10.88864373793	-4.159716799490001	-3.5629996410900002	0.34800000000000003
6525826	-13.572	-12.59503189237	-4.411729296600001	-2.90927402433	0.464
88693915	-13.6602	-13.235231188289998	-3.56012948165	-3.2560686379800003	0.464
5693776	-13.47909	-12.497824832790002	-5.735461655790001	-0.7701207802200001	0.406
32739896	-14.32161	-12.53807041978	-3.56683186893	-2.3977321431300003	0.29000000000000004
6901520	-13.64884	-12.862429267689997	-2.30488828222	-3.2695327398600003	0.34800000000000003
7820907	-13.54835	-13.532498059029997	-4.401918393160001	-1.16135515422	0.406
6625865	-13.44664	-12.92125923419	-4.184428871720001	-1.84024665774	0.406
5301383	-13.56791	-10.01598870621	-2.41007003254	-1.93325000022	0.232
5200578	-14.98617	-11.704977590279999	-3.77297727025	-0.38649374127	0.406
7916521	-13.49582	-12.56853269157	-4.005979213150001	-1.65144376314	0.34800000000000003
5887727	-13.83325	-11.333774996259999	-2.9535869290400005	-2.7848133234	0.232
7966545	-13.39599	-13.197840701059999	-3.8102962972900003	-1.87172751375	0.406
6561060	-13.42193	-11.372149885759999	-2.76848152496	-3.20270567922	0.29000000000000004
5623967	-13.48855	-10.980883815479999	-2.00704305694	-3.6591575310000004	0.232
7952456	-14.22233	-14.362656016189998	-3.2943555582500004	-2.3798798719200005	0.406
5341763	-16.00313	-13.352760320460002	-2.4848578312500003	-0.17042780268000002	0.406
5339114	-13.41962	-11.44967869818	-1.46847650048	-0.5021428572000001	0.232
5471515	-13.77931	-11.95170330668	-4.76519781347	-1.09445172651	0.29000000000000004
7764493	-13.76233	-13.11380916629	-3.7513824814300003	-1.72321118577	0.34800000000000003
15375975	-13.49106	-12.188637752770001	-4.01934506112	-1.2230949931200001	0.29000000000000004
7134144	-13.57341	-12.257347639860003	-4.004013946390001	-1.67535253044	0.34800000000000003
5470515	-15.48622	-11.75572417699	-2.5453059158599998	-1.19394039555	0.34800000000000003
5661742	-15.43665	-15.01826831266	-4.44713180279	-4.10047695414	0.5800000000000001
7851426	-13.24212	-14.790563080119998	-4.40620733186	-1.7935276340700002	0.5800000000000001
7991019	-15.17197	-12.024341467970002	-3.18444720811	-3.51095254569	0.232
5672936	-17.22979	-13.555091242109999	-2.72805538452	-0.9449250034500001	0.522
5741321	-13.94818	-11.357961771789999	-2.11353779062	-0.48097155564000005	0.116
36974077	-13.69117	-14.86038756878	-3.4219067716000007	-1.81405275273	0.464
7681148	-13.40835	-13.67652506832	-3.8616236363800005	-2.9254227224400005	0.522
13227570	-12.3839	-13.041765792509999	-3.41626101329	-0.99361782216	0.406
5251284	-18.49191	-13.6355065059	-4.440331573000001	-0.41903198748	0.232
6430596	-14.45283	-12.831455629339999	-3.78506485317	-2.0680143812100003	0.29000000000000004
7784804	-13.8237	-11.228162264699998	-4.17301250946	-2.4613987819500003	0.29000000000000004
6652942	-13.38251	-13.13236274062	-4.767691920750001	-1.3453175514600002	0.464
7357105	-13.44224	-10.936924575030002	-3.75092237615	-2.68208199108	0.29000000000000004
66116722	-14.36741	-14.05813495435	-3.9056482069100005	-1.44844246791	0.34800000000000003
11995411	-13.79484	-13.074651953350001	-4.35208604554	-1.2056656779900001	0.34800000000000003
99617600	-14.31834	-11.568498025529998	-5.002963880020001	-3.6001962785700004	0.406
6908243	-13.40635	-12.15323106913	-4.321079789190001	-0.85441827672	0.29000000000000004
22789621	-13.97948	-13.47814009219	-3.4820672904100003	-1.1004494787	0.29000000000000004
5759447	-14.13907	-9.19240915419	-1.97442713349	-2.96899307307	0.464
5471339	-14.70411	-10.53991536475	-3.0605564969800003	-1.10206493595	0.232
5785075	-14.99291	-11.35936463919	-3.27883296678	-0.35533597671000006	0.116
7955202	-13.35524	-11.88135015016	-3.6842607661200004	-2.4764489691300002	0.34800000000000003
5489810	-14.69557	-11.41576447472	-3.18443949293	-0.09844302762000001	0.29000000000000004
5710955	-13.59282	-15.640764648470002	-5.364046928860001	-2.92226817501	0.754
20658721	-14.11517	-15.002262968259998	-4.87318648655	-1.67242120983	0.522
7927477	-13.51242	-12.565111164379998	-3.63863915333	-2.8398739808699998	0.406
7937881	-14.52289	-14.524992206910001	-3.7200532395900003	-1.37218113693	0.34800000000000003
72025445	-13.503	-12.775111503849999	-3.8996798138	-1.55666635488	0.34800000000000003
6239003	-14.13048	-11.52478850971	-4.59948977467	-1.31034730779	0.232
7985512	-13.58065	-12.378817183630002	-4.40897673079	-1.5560436695400002	0.34800000000000003
60466282	-13.53512	-11.0886709712	-4.61829587661	-1.78257189672	0.29000000000000004
7816147	-13.46285	-12.62550254897	-3.09763986034	-2.07468768825	0.34800000000000003
10221546	-15.7508	-12.33726037658	-3.9934259139100003	-2.1797394046200003	0.17400000000000002
7965389	-13.45903	-13.66509230088	-3.6627813543100003	-0.84981275496	0.34800000000000003
70838327	-13.3738	-12.0508286132	-3.4922351962700002	-3.3046322201100002	0.406
6139558	-13.71383	-10.085284338320001	-3.0841972112600002	-2.9426699314800002	0.17400000000000002
36698813	-13.38819	-13.20206003432	-2.83632145339	-1.2601858915800002	0.29000000000000004
13691482	-13.98915	-12.332425727999999	-5.03542514918	-2.34912744027	0.406
5472103	-15.01908	-12.70900927173	-4.7092967754	-2.86555681395	0.34800000000000003
5539016	-13.53571	-10.16609404678	-2.91053026291	-1.2493065213	0.116
5105343	-14.66065	-10.733559232969998	-3.45358354723	-0.47494443150000004	0.116
5540307	-13.74359	-12.15000106723	-2.3955949521	-0.0	0.464
28198906	-13.35481	-11.91358301184	-4.298047522060001	-2.61170092449	0.406
6526743	-13.36234	-10.6795148656	-3.37751222312	-3.2113351581300003	0.29000000000000004
5549050	-13.48586	-11.34419609526	-4.6639287114800005	-2.21171958378	0.34800000000000003
7198864	-14.14435	-12.072637169530001	-4.2492924941200005	-1.9630272831300002	0.29000000000000004
5429054	-13.29891	-11.481577104140001	-4.14927009508	-0.0	0.17400000000000002
7644485	-15.5992	-13.18534194715	-4.9017943739900005	-2.0698295677200003	0.29000000000000004
6315143	-13.71952	-13.323307191820001	-4.57646557341	-1.4337153721800002	0.406
58598381	-13.58578	-11.2293622638	-3.8452825344500003	-1.6888107579300002	0.232
6548347	-13.4074	-12.870732025990002	-4.566783373200001	-0.67466194272	0.34800000000000003
5248572	-13.95841	-13.709262117439998	-3.70614277005	-1.4392607963400001	0.34800000000000003
6723608	-14.0581	-12.53684019346	-3.2713695822	-3.18003640821	0.34800000000000003
5378105	-13.38729	-9.813947055049999	-2.00708864664	-2.35100137068	0.29000000000000004
7925132	-14.93028	-14.004693390589999	-5.32387679212	-2.5838563158900003	0.464
98326556	-13.54562	-11.741358080820001	-3.3654011439700002	-0.8113002541200001	0.17400000000000002
5338348	-13.76633	-10.48282015945	-3.2834764530700005	-0.0	0.232
7935894	-13.59536	-9.3166065086	-3.5689384637600003	-3.08935344978	0.17400000000000002
7651356	-13.97724	-12.584679191	-3.7591390428500002	-3.35827714959	0.406
18019243	-13.80369	-15.923836906209997	-4.624725076380001	-0.51937244307	0.522
7357008	-13.84913	-13.052412578050001	-3.9497485264800005	-1.70682751206	0.34800000000000003
5747317	-13.4261	-12.586792644800001	-4.443593340690001	-1.10818605033	0.34800000000000003
5758997	-13.54359	-12.83620861788	-3.7227170808300003	-0.15788010564000002	0.232
26701147	-13.51986	-13.635876139510001	-3.8995868809500007	-2.30398275312	0.464
61748683	-13.6209	-13.390658400990002	-4.17055312049	-2.4321443197500003	0.464
7844685	-13.60886	-13.44900541086	-4.4693406498	-2.84840359515	0.522
49184443	-13.62502	-11.01260462909	-3.1879085184100004	-2.60758885149	0.232
6239168	-13.4194	-10.37258048784	-3.92682953222	-2.2623039560700002	0.232
5305415	-16.19421	-12.04150089884	-3.2166202100900003	-0.9358725684600001	0.406
7591751	-14.33279	-10.873606246980001	-3.5543441487200003	-3.2587356110400005	0.232
6164939	-13.47778	-12.03012894955	-3.02515118527	-3.1509053082000005	0.34800000000000003
7197252	-13.60721	-11.669099136549999	-2.90500899955	-1.41400091934	0.17400000000000002
7928427	-14.16722	-12.538682361350002	-5.105626974760001	-3.1458357096300005	0.464
5230391	-14.28265	-11.53648997359	-3.2911933865200003	-0.28804483926	0.116
5746159	-14.61978	-11.21974117198	-3.9122176826800006	-2.0475186345000003	0.17400000000000002
7188748	-13.37835	-12.503935317349999	-3.6820198570200002	-2.2706808362100004	0.406
6527372	-13.39547	-10.93371201147	-3.19483639936	-3.1904928224100004	0.29000000000000004
63081449	-13.348	-11.91687667849	-3.4299025036	-1.5125966811	0.29000000000000004
50723973	-13.88735	-10.77477548143	-3.6818718658400007	-1.86070715811	0.17400000000000002
5889921	-13.39359	-10.72838005926	-3.0442416968	-2.7485507139300003	0.232
5472854	-13.79894	-12.192552415749999	-4.522844020340001	-1.12666100688	0.29000000000000004
6800927	-13.36359	-12.53702918985	-4.810677396810001	-1.09218421197	0.406
5887222	-13.52938	-11.48991918712	-3.94737225104	-2.04719554305	0.29000000000000004
7657856	-13.60708	-9.985837992009998	-3.9301709065400003	-3.6667472428800005	0.29000000000000004
20975912	-13.81268	-13.26210480626	-3.5751547947	-0.20183816601000001	0.232
7906709	-14.50733	-12.09745020792	-4.3457154110000005	-3.15310820445	0.34800000000000003
5792177	-14.74251	-12.32271202556	-2.4194632641900005	-0.0	0.464
7529096	-13.58287	-12.770897438010001	-3.8222558783600005	-0.9543651481800001	0.29000000000000004
19457472	-13.9568	-13.655121314850001	-3.2729164757900002	-1.10617700895	0.29000000000000004
6433727	-13.47614	-11.28884906643	-4.0017442807100005	-2.1246493752	0.29000000000000004
21156815	-13.76907	-15.70299849818	-5.00327529274	-1.11385483668	0.5800000000000001
5227284	-14.30272	-9.9467397387	-3.6154262808500004	-0.74155362165	0.17400000000000002
7960832	-13.57036	-11.761658687999999	-3.39740651613	-3.17405627919	0.34800000000000003
5263150	-13.89672	-11.267875348159999	-2.6267291200600003	-0.0	0.232
7952792	-13.83078	-14.172566261240002	-4.300573191440001	-1.01232187992	0.406
5105554	-14.15733	-10.892721611759999	-2.6621768652600006	-1.4291215992	0.116
14115979	-13.39498	-13.610215467659998	-3.1724644815	-0.53332999371	0.29000000000000004
5649209	-15.60873	-12.44932567588	-2.6620776199900003	-1.40864935005	0.6960000000000001
7673610	-15.23296	-13.115539027690001	-4.854627270370001	-2.60042209569	0.34800000000000003
99007600	-15.27687	-11.58256613301	-4.503940075890001	-1.8722855808	0.17400000000000002
5229732	-14.06495	-11.993859053609999	-1.6781856135800002	-0.39009474234	0.406
36766535	-14.46822	-13.19662330676	-3.7251533242600003	-1.7720684874000001	0.29000000000000004
5758398	-14.45871	-11.25308584107	-3.20521612198	-0.0	0.058
5898976	-13.69699	-11.68928126841	-3.86676334902	-2.14348854393	0.29000000000000004
7906615	-13.35869	-11.03386251989	-3.2110891274100006	-4.58316383166	0.406
5474863	-16.01543	-12.606932636379998	-2.9020937135800002	-0.5081229862200001	0.464
5104509	-13.93875	-10.06455614693	-3.7126077402	-0.16202742498000003	0.34800000000000003
7667711	-14.64831	-12.542306154510001	-5.496522881880001	-1.7550856259100003	0.34800000000000003
7926235	-13.44177	-13.65551545625	-3.6745357817300004	-2.40177372345	0.464
5247941	-14.26166	-12.720717151039999	-5.043057215650001	-2.3307640971300003	0.406
5788515	-14.70109	-11.033360007019999	-3.2145030945600004	-0.45111790566	0.232
6253825	-13.44783	-13.386956764479999	-4.0050060484	-1.9563422273100002	0.464
7780441	-14.97347	-13.367262331929998	-4.45773526563	-2.4035889099600003	0.34800000000000003
22443088	-14.01565	-13.565431051949997	-3.6740178126000003	-1.6841993617800002	0.34800000000000003
7658101	-13.98315	-12.58573810822	-3.6042375164	-2.2880279098800003	0.34800000000000003
18897799	-14.13323	-11.90973967853	-3.3551171597200002	-2.17171498788	0.232
7879175	-13.28097	-11.15819736437	-2.87322105519	-3.1323304870200004	0.29000000000000004
6433190	-14.12683	-11.588698751959999	-3.58563376259	-2.2515949431	0.232
5764620	-13.47008	-12.69751358946	-3.6450066316600003	-0.28243479681	0.232
6966262	-13.51743	-11.43941339851	-4.184370657180001	-1.8452163916800002	0.29000000000000004
5807934	-17.11026	-12.72220515705	-4.3881622272200005	-0.0	0.6960000000000001
5331774	-13.53177	-12.5483820937	-4.315392649460001	-1.41524041563	0.34800000000000003
7663217	-13.80288	-10.30251051997	-2.70286216561	-3.2180554602900004	0.17400000000000002
6238400	-14.68714	-12.173989985950001	-3.4138559812700002	-1.6784894547	0.17400000000000002
5230324	-14.73265	-11.90534799375	-2.58595404307	-0.24473883618	0.406
84925141	-13.60413	-13.888928984629999	-4.763444012780001	-0.5138975115900001	0.406
93889902	-13.39058	-12.71942662185	-3.8852068375	-3.04835020758	0.464
5902339	-13.43678	-12.3802919829	-3.73897121164	-2.8090510565400004	0.406
6043458	-14.11763	-11.18275841366	-3.30831652715	-2.1032254748700003	0.17400000000000002
5622598	-14.18579	-11.234535041940001	-2.95136811341	-0.0	0.29000000000000004
5784197	-14.60446	-11.21536264214	-2.80768200385	-0.58308020262	0.232
5705494	-17.63776	-13.988691486090001	-3.6499285658100002	-0.0	0.464
5585725	-13.77721	-10.29614736838	-1.9913314435600002	-1.4915017466100002	0.406
7656181	-13.58593	-12.715828089170001	-4.14028436521	-2.29001932809	0.406
16916685	-13.394	-13.614041244430002	-4.2905101418900005	-1.7501393895300001	0.464
5663517	-15.16256	-10.39037263609	-2.99341724717	-1.7758339713900002	0.406
7957293	-13.54875	-11.5833330591	-3.69736955832	-2.2277977892100003	0.29000000000000004
7832982	-13.70638	-12.78576378232	-4.401683080170001	-1.32555022911	0.34800000000000003
10557507	-13.46771	-12.7078374002	-3.56944836702	-0.3374249616	0.232
7804706	-13.28543	-11.0266990118	-3.31263913209	-2.04795921375	0.232
7954157	-15.16538	-14.95938014942	-5.150839332320001	-3.03874557993	0.522
7094409	-13.36964	-12.86080502538	-4.42859923905	-1.1660781637800002	0.406
5719836	-13.90659	-11.293317049070001	-2.4684115223200003	-0.14559675615	0.17400000000000002
19693269	-14.12261	-11.847858146930001	-3.63153768083	-1.95703540533	0.232
7999120	-13.37193	-12.85860742583	-3.6422680934500002	-0.0	0.232
7660834	-15.23858	-12.61335909787	-5.425770122310001	-1.6548274117800001	0.34800000000000003
7973026	-13.53415	-12.781579055069999	-3.9356967288700004	-1.5655366837800002	0.34800000000000003
5629252	-16.7999	-12.631474560450002	-3.52749707577	-0.64475542323	0.638
7969017	-13.41604	-11.81509701969	-5.058442336640001	-1.25462284425	0.34800000000000003
5748340	-14.12643	-11.35090566261	-3.1025176075500003	-0.49518170505000003	0.232
7720813	-13.43693	-12.849591889900001	-4.51469328336	-3.14101870983	0.522
5680391	-18.20648	-13.037085332	-2.84125496031	-2.3236149645	0.464
5480371	-15.89041	-12.67486016833	-1.62491720534	-1.5904675949400002	0.232
5622925	-15.55088	-12.20337734836	-3.01144376524	-0.33690801528000003	0.522
5538705	-15.39313	-12.997709777989998	-4.19526168582	-0.0	0.116
7936171	-14.62986	-11.811616659159998	-4.301487440270001	-3.6466450803000003	0.34800000000000003
5570907	-15.16898	-12.50541850183	-3.5271162264300004	-0.029812529250000004	0.522
7911919	-13.66078	-11.358284534420001	-3.75390394253	-2.5370785483200002	0.29000000000000004
5740488	-13.34205	-12.970580888379999	-5.46785888404	-1.91959204347	0.522
5786138	-15.55223	-13.09913590954	-2.4515657774800004	-0.0	0.34800000000000003
7991252	-13.45596	-12.84573228363	-3.9357163675100004	-1.3962896334900001	0.34800000000000003
5671929	-14.89437	-11.90003229844	-2.3156614790200005	-0.67545498537	0.29000000000000004
6946129	-13.31424	-10.87323781462	-2.6143694017000003	-2.1562300958400002	0.17400000000000002
7776805	-13.50887	-12.69784525104	-4.12440862891	-0.6365782723500001	0.29000000000000004
9002515	-13.41326	-11.72849281661	-3.16908067369	-2.43518725377	0.29000000000000004
7991826	-13.55014	-12.292865757979998	-3.9811307225100006	-2.02770431703	0.34800000000000003
6435296	-14.2107	-11.222589405079999	-4.39893472264	-2.74390994583	0.29000000000000004
5475161	-14.70703	-10.38011795405	-3.0773524438400006	-1.2562089295500003	0.406
80305500	-13.75821	-11.67779249726	-3.8998060622	-3.0035168631	0.34800000000000003
5224167	-13.58771	-10.6212253015	-4.74356164323	-1.39460368356	0.232
12892537	-13.46164	-12.52929373254	-3.6888439337300003	-1.17671080968	0.29000000000000004
5784222	-14.40968	-11.41247779743	-2.91131124954	-0.9313962832800001	0.116
7936042	-13.65699	-11.682015079040001	-3.9146556795600005	-2.85158164014	0.34800000000000003
40301655	-13.42404	-11.83924549321	-3.0552642341900005	-0.8871914985300001	0.17400000000000002
7703659	-13.37725	-12.704019734020001	-3.8773980232700005	-1.49769922806	0.34800000000000003
5105209	-13.79253	-10.90738823088	-2.7168038465600004	-0.16781369913	0.34800000000000003
38674228	-13.59062	-11.753182544750002	-2.99998637225	-2.0185050222900003	0.232
5659783	-13.86644	-9.500390821369999	-2.68754577986	-3.3007316251500005	0.116
7922988	-13.45075	-10.71997049063	-3.1767797219500005	-2.69677384047	0.232
5762317	-13.78636	-11.10366315441	-2.04189357707	-0.6416713684800001	0.34800000000000003
5867199	-13.822	-13.86740059763	-3.9947283765700003	-0.0	0.29000000000000004
81260896	-13.25449	-12.39747511003	-3.6603896485100003	-1.06828131906	0.29000000000000004
5556247	-13.68919	-10.38992722757	-2.11953038134	-1.17598825971	0.34800000000000003
7767545	-13.69359	-10.052755901360001	-4.67621478494	-2.97519642891	0.29000000000000004
7728303	-13.43731	-10.57677883489	-4.13219605105	-1.8681206382900002	0.232
5809659	-16.10269	-12.226024584840001	-3.0827474588	-0.79074576351	0.29000000000000004
5694645	-13.81397	-13.90030650088	-5.57080779113	-0.0	0.406
44018823	-13.65833	-13.881537631780002	-2.4677213644	-0.5042576376000001	0.232
5354972	-13.52514	-11.116501303829999	-3.9670147486300005	-3.5810281440000002	0.406
7926530	-13.37846	-11.551619257039999	-4.00170430205	-2.5198900831800004	0.34800000000000003
73195212	-13.47763	-10.778857929720001	-3.70860882213	-2.14275424518	0.232
12427950	-13.51471	-10.879195855679999	-2.5238756006500003	-2.48143045185	0.17400000000000002
5668688	-13.8951	-11.35242414707	-3.4926784684300003	-2.30545722501	0.232
5885752	-13.66299	-12.00021003831	-3.83583038688	-2.6205771277800003	0.34800000000000003
7749484	-13.39698	-12.49872915704	-4.17405826704	-0.63756516987	0.29000000000000004
6632250	-13.34877	-13.561783447289997	-3.0822456214100002	-2.9517987335400004	0.464
5189252	-16.02501	-9.87825416495	-3.73301298854	-2.41307017542	0.17400000000000002
7724623	-13.42343	-12.727957711439998	-4.13665647716	-1.2690620948700002	0.34800000000000003
5379221	-15.33554	-11.299793325160001	-2.8465409106800004	-1.1857221239400002	0.232
5626300	-13.49902	-10.76068961664	-2.1023949665600004	-0.63834646374	0.116
6096466	-14.56652	-15.573312227359997	-4.48575750077	-3.02425933419	0.5800000000000001
7838797	-13.45574	-13.41970604117	-4.26605302129	-3.63490217469	0.5800000000000001
7786919	-13.56539	-11.34703666891	-4.562735007840001	-2.41045607187	0.34800000000000003
5343588	-13.55802	-12.739403544570001	-3.38308854481	-2.19300965163	0.34800000000000003
12788952	-13.85036	-13.06280881357	-3.9345222680600007	-0.9002385187200002	0.29000000000000004
13572759	-13.4359	-13.09748411382	-3.6904101152700006	-1.3588991411400002	0.34800000000000003
7738592	-13.75541	-14.54720744191	-4.114475334660001	-0.7217745505200001	0.406
5406395	-17.0145	-12.00950565555	-3.9814575655900004	-1.02299564655	0.34800000000000003
5637814	-14.45579	-10.44098658164	-4.009819619340001	-0.0	0.17400000000000002
6514567	-13.79755	-12.42016496299	-4.288601686910001	-1.9310118576300002	0.34800000000000003
5868630	-13.49113	-13.40475168721	-4.03228937971	-0.0	0.29000000000000004
7969233	-13.49665	-12.431234100489998	-4.75602902342	-1.0445899041900002	0.34800000000000003
24104606	-13.38634	-12.651368105310002	-4.63165646423	-1.5882294523500002	0.406
49970662	-13.72977	-10.41129188606	-2.89181954865	-2.0210133868200004	0.29000000000000004
5332359	-14.22992	-10.09576664248	-2.93222675183	-1.19961505629	0.232
5647777	-13.96962	-13.86917432982	-3.8117954970400003	-1.5937220070000002	0.406
5156659	-13.72993	-10.39277264406	-3.14092833256	-3.81008823327	0.29000000000000004
75071888	-14.61683	-12.14925203828	-3.93833146284	-1.9481826996	0.232
78605388	-14.2909	-13.59282006033	-5.09515256584	-2.28163657356	0.464
93927151	-13.6612	-12.44096828614	-3.04918151614	-1.35609118272	0.232
7792228	-14.70499	-14.969146389670001	-5.266393090080001	-1.3478435391599999	0.464
7907505	-13.74654	-12.06718380203	-4.07519805466	-0.8237010914100001	0.232
5317398	-14.25171	-10.84168052577	-3.4106850422900004	-0.0	0.29000000000000004
55676788	-13.60253	-14.188969781829998	-3.8113287286500004	-1.17132399405	0.406
5569530	-14.38859	-12.30999511423	-1.9270289251600003	-0.15364467045000002	0.464
21440912	-13.7204	-13.299633996519997	-3.3044964609800003	-3.5399250371700006	0.464
5227418	-14.8006	-10.38314895744	-3.2849430386500003	-1.1302913799	0.232
7412105	-13.41288	-12.74745924859	-2.6277875024800004	-1.9598492381400001	0.29000000000000004
13765366	-13.5421	-13.54114461617	-3.9061921271000006	-0.84157098579	0.34800000000000003
62643938	-13.38043	-12.5041960648	-3.9017281940900004	-0.88618697784	0.29000000000000004
59491580	-13.78793	-12.938416124049999	-5.14728719331	-1.3467156562800002	0.406
5676389	-19.0486	-14.184458226929998	-3.2674944577000002	-1.60206951519	0.464
5523880	-16.2438	-12.77575556196	-2.7488551591100006	-0.7165757153700001	0.29000000000000004
5806610	-15.68387	-11.604187802819999	-3.49274860643	-0.58216379778	0.34800000000000003
14205232	-13.59078	-14.5942217806	-4.4907327398	-0.86096234718	0.464
5714543	-15.17004	-12.828741260080001	-2.34186328237	-0.0	0.29000000000000004
5629675	-13.56436	-9.62381507212	-2.39265020817	-1.5505804868400002	0.406
5655073	-16.59115	-12.90634644902	-2.92323400816	-0.76417589754	0.34800000000000003
7795655	-13.44639	-13.28230289445	-4.68606777118	-2.5489800624600005	0.522
7574712	-13.44618	-13.39557668407	-3.7765476451400004	-3.3577719520500002	0.522
29741871	-13.46256	-14.403313789090003	-2.9325469318000006	-0.8479975684500002	0.34800000000000003
6747072	-13.95501	-10.795307570199999	-4.489112552000001	-3.55739547303	0.34800000000000003
7762271	-14.56911	-14.57533543521	-4.21082881492	-0.8934124775400001	0.34800000000000003
5659463	-14.93746	-12.331029049360001	-2.6054892295200003	-0.0	0.232
5784219	-15.48276	-11.96873168881	-3.0970896277300004	-0.41877351432	0.232
7654635	-13.59809	-12.3130318597	-3.8321516487800005	-1.4374221122700002	0.29000000000000004
5240803	-13.70415	-10.46138327709	-3.8424451016600005	-1.8054761433300002	0.17400000000000002
5773680	-14.10597	-10.565204238769999	-3.3927170894500005	-0.14413403304	0.29000000000000004
82574364	-13.27184	-11.33465282722	-2.98280747191	-0.5098206849300001	0.116
7198626	-13.45399	-11.64998749804	-3.5429000819500005	-1.4116864096800001	0.232
5693527	-13.57683	-12.88734521686	-4.74094724928	-0.71514236421	0.34800000000000003
7906993	-15.31576	-14.78701105416	-5.16584746156	-2.5226980416000004	0.464
5320921	-13.68178	-10.57417521326	-3.1095927783	-0.0	0.29000000000000004
5107763	-13.72899	-10.006935404670001	-3.30123995364	-0.41724617292000005	0.17400000000000002
6560597	-13.46844	-12.448547029010001	-4.46606590658	-0.48372077016	0.29000000000000004
5244193	-14.51651	-10.96156371747	-3.1567612846800004	-0.39707939205000004	0.116
5688126	-15.71371	-12.00421538531	-3.48321509878	-0.23048169165000001	0.464
5633281	-13.56296	-12.38516361892	-3.30866265818	-4.22071984305	0.464
6833479	-13.84063	-12.789069053979999	-4.74253306946	-0.76449898899	0.34800000000000003
7976437	-14.05506	-14.563539858520002	-4.003978877390001	-2.0671802178300003	0.464
68383556	-13.48484	-11.905124691180001	-3.6384024375800004	-2.6731176719400005	0.34800000000000003
5379295	-13.58511	-9.95680284995	-3.4543210483	-0.17594385489	0.232
5332233	-14.65985	-9.606384249180001	-3.69512058335	-1.36114903251	0.29000000000000004
7241868	-13.44666	-13.178291950509998	-4.8070095301	-0.17754756336000002	0.34800000000000003
7922288	-13.35504	-11.80044269031	-3.59270191954	-1.08289092699	0.232
7367223	-14.73008	-13.032644077130001	-2.9791087444800004	-3.02217980013	0.29000000000000004
7642152	-13.45065	-12.12238699525	-3.6719897723300003	-3.9472963605	0.464
7916815	-13.48355	-11.816290175090002	-3.87462336399	-3.30778089315	0.406
19798288	-13.55585	-15.30679798625	-3.4995975821300003	-1.09407576555	0.464
7994236	-13.42131	-11.706954687620001	-3.9972908684000004	-1.6424559464400001	0.29000000000000004
13870607	-13.9179	-12.658388507459998	-3.8194324731700005	-0.6892656762600001	0.232
6738168	-13.53599	-11.819812373220001	-3.8554767420600005	-1.8171955513800002	0.29000000000000004
6667611	-13.38417	-10.860792692509998	-3.8785065543600004	-1.7829596064600002	0.232
5803396	-13.9053	-11.111811576060001	-3.02907645844	-3.0184965576000002	0.232
81257417	-13.66377	-14.17947448906	-2.7690976872900004	-0.70154315136	0.29000000000000004
7643680	-13.2592	-12.85904063795	-3.0340857144	-0.47002756707000004	0.232
6840739	-13.99569	-13.456567502479999	-5.006790258610001	-0.8525149743600001	0.406
6536102	-13.57216	-10.60263943658	-3.4651103768400002	-1.8833705547300001	0.17400000000000002
6702382	-14.03088	-11.158465669219998	-3.79028276968	-2.36653325784	0.232
5374454	-15.16451	-11.101457231260001	-2.9602647680200005	-1.10044360431	0.29000000000000004
5391114	-14.43743	-10.276022511599999	-2.9485671523800003	-1.21356673254	0.232
73894067	-14.55087	-12.05212860034	-4.49164523518	-1.40758021107	0.232
7962686	-13.44272	-11.830995046720002	-5.06559500988	-1.2610553013	0.34800000000000003
7887044	-13.92409	-12.5545745641	-4.38990305238	-1.8647076177000002	0.34800000000000003
5174646	-14.27814	-10.61010641388	-2.84256864505	-0.8232252658200001	0.116
6239230	-13.40892	-12.182878691560001	-3.9826583281500003	-1.9535930127900003	0.34800000000000003
7916874	-13.61825	-10.7777433837	-3.6971153080700003	-3.12895858716	0.29000000000000004
6794730	-13.71767	-11.408204333490001	-3.3968496204100003	-3.7256086306800005	0.34800000000000003
5538189	-13.8129	-10.781219724849999	-3.3224202268800003	-0.5151076359300001	0.17400000000000002
7891046	-13.67676	-12.914485297770002	-4.229055226290001	-2.92859489304	0.464
5810274	-13.92796	-10.858082342980001	-2.10756589061	-0.9657262184400002	0.34800000000000003
7935533	-13.62059	-11.138849991439999	-3.9319317210300007	-3.3257741497200004	0.34800000000000003
13344709	-13.61338	-12.16908175512	-4.07733130193	-1.34972334396	0.29000000000000004
5677153	-14.48247	-11.10374417507	-2.9349537172700004	-0.85778430219	0.116
6558154	-14.14189	-11.267668845799998	-3.60068572808	-2.57963850387	0.232
7620310	-13.83434	-12.391689540180002	-4.15371438945	-2.14608502431	0.34800000000000003
7917604	-13.47801	-11.171147425149998	-3.5314717962300004	-2.31720600501	0.29000000000000004
7023964	-14.32961	-14.227412257789998	-4.769938090200001	-0.3561818888700001	0.34800000000000003
5790935	-14.38267	-10.529297402270002	-3.9121478953700004	-0.77776336161	0.116
5532312	-14.28062	-9.9665555246	-3.32281861072	-0.9891474113700001	0.34800000000000003
5759545	-13.64328	-10.59912025286	-2.70513779302	-0.33891705666000005	0.406
21927537	-13.54276	-13.78324250812	-4.667015134170001	-1.42920971505	0.464
6596108	-13.40204	-12.18451200874	-4.28186984167	-1.24042444362	0.34800000000000003
7970284	-13.91701	-11.88359090934	-4.04173591624	-3.6909908504100004	0.406
6044561	-13.49576	-14.04385760907	-2.85477861878	-2.12129509851	0.406
6238073	-15.00199	-12.13703167941	-4.074632041	-2.2971214656	0.232
7673170	-13.3633	-11.83125541782	-3.94033811102	-1.4941687196700002	0.29000000000000004
5625915	-13.39201	-13.757408236339998	-4.33364922017	-0.0	0.34800000000000003
59927739	-14.37444	-12.8592580641	-4.305974869510001	-1.4155223863500002	0.29000000000000004
5283064	-13.83667	-10.528135820220001	-3.07290674671	-0.23696114382000003	0.29000000000000004
7370435	-13.41369	-12.46474532039	-3.5580106126700004	-1.3111227272700001	0.29000000000000004
5627779	-13.61316	-13.716765894640002	-3.2378404619900003	-3.02917619862	0.464
16727630	-13.60949	-14.14833573302	-3.14392357585	-0.29282659272	0.29000000000000004
6753478	-14.14381	-11.951124284549998	-4.31317313245	-2.8350981018000003	0.34800000000000003
7879892	-13.6687	-11.27131406572	-3.759116248	-2.6303344895700005	0.29000000000000004
5468546	-13.41531	-10.82614581012	-4.471759358730001	-1.25713708317	0.232
11141423	-15.1534	-13.219936604539999	-5.488078968060001	-1.77062338746	0.34800000000000003
13261988	-13.73208	-15.938886181329998	-5.06154208555	-0.7719124691700001	0.5800000000000001
7830159	-14.999	-9.63917673984	-2.94079025094	-5.92317680895	0.232
7619650	-13.89306	-12.636052809630002	-4.243218894010001	-3.51233302734	0.464
7318799	-13.91688	-11.17083422791	-3.2638809479400006	-2.73500437059	0.232
6466713	-13.43151	-12.885152853880001	-4.526856615320001	-1.5120386140500002	0.406
7965804	-13.82099	-10.47065541472	-2.91446360195	-4.478664307950001	0.29000000000000004
9078086	-13.60757	-12.88477350204	-3.80924001901	-1.6921121651100002	0.34800000000000003
5244203	-14.74181	-10.304847295879998	-2.3525737056600002	-2.08158422211	0.17400000000000002
5809522	-13.43807	-10.995633692830001	-3.67208971898	-1.9080958622400002	0.232
5244178	-13.56262	-10.508424763939999	-3.05165002305	-0.0	0.116
5764540	-13.30172	-10.982991343149997	-2.88466652472	-1.76321578167	0.17400000000000002
5312191	-14.93653	-12.318528332989999	-3.29009888303	-3.6900098272800004	0.5800000000000001
31188092	-13.6599	-14.787703329329998	-4.1394504243900005	-1.12017568032	0.464
5473126	-13.35458	-11.46548499162	-4.329165999210001	-0.29371362561000003	0.232
6990862	-13.44616	-11.92210096054	-4.7354073993500005	-1.50892518735	0.34800000000000003
6624592	-13.62762	-12.291470122929999	-3.5092082415800006	-1.8155389734	0.29000000000000004
29150305	-13.4277	-15.79238606469	-3.6726206636400005	-1.81042237971	0.5800000000000001
47102205	-13.72555	-11.708158422459999	-3.9281425155800003	-2.10280839318	0.29000000000000004
7759252	-14.07178	-12.732643662769998	-4.08416414589	-0.5457543285600001	0.232
5682668	-14.91719	-11.761519082260001	-3.1551754645000005	-0.0	0.232
6773571	-14.09554	-12.45309179245	-3.26815691111	-3.3163222562100003	0.34800000000000003
7899575	-13.52956	-10.82290165675	-4.309258730670001	-3.1414416659100004	0.34800000000000003
5328577	-13.91115	-9.846003914169998	-3.43105416956	-1.4529539994300003	0.232
7916954	-14.20923	-9.93885016337	-3.0776249299700003	-3.6871431249600004	0.17400000000000002
5251494	-14.0114	-11.2935569577	-2.286989766	-0.43303065885	0.29000000000000004
7685755	-13.57366	-13.225416900939999	-3.6489031482500005	-2.25221175405	0.406
7916622	-13.67784	-11.25428038177	-4.06625616104	-1.5642031972500001	0.232
7665255	-13.41438	-11.99177015044	-4.30277657671	-1.8310414886100002	0.34800000000000003
6627609	-13.77226	-11.6719275733	-3.8140493816700003	-1.50649318989	0.232
7953020	-13.49633	-12.00023189612	-4.00039692973	-0.64965466449	0.232
5374449	-14.63284	-10.697985730340001	-2.8458177879	-1.08873594504	0.17400000000000002
6446227	-13.54816	-11.06290586366	-4.35955819737	-2.08519109757	0.29000000000000004
7924445	-13.35125	-12.80514250664	-4.780900308910001	-2.7916863597000003	0.522
18637541	-13.57238	-13.45094705061	-3.9120774066800004	-0.96826982931	0.34800000000000003
7712198	-13.567	-12.12631184768	-4.737948499090001	-3.0467699966700006	0.464
7888535	-13.81467	-12.98431774819	-4.16236310623	-2.3235150998700003	0.406
6924439	-13.44397	-10.04518458592	-2.8927923627100003	-2.8642350762	0.17400000000000002
5728772	-13.37213	-10.43413304233	-4.1740210939	-1.10352178467	0.17400000000000002
5787445	-14.36985	-12.19128350049	-2.2210498759900004	-0.7962500669400001	0.29000000000000004
7208845	-13.5107	-11.64188753373	-3.1510681832200005	-3.4549637346	0.34800000000000003
5374455	-15.00037	-11.591214197419998	-2.43246439456	-0.9817104336300001	0.232
6435318	-14.20232	-12.89061780761	-4.74849795567	-1.1275832861100001	0.34800000000000003
62772875	-13.42429	-11.84574631057	-3.44821834092	-2.0612647071000003	0.29000000000000004
7980413	-13.71405	-13.94081546427	-4.546241005070001	-1.64256168546	0.464
54505240	-13.29641	-11.876572888500002	-3.47660494297	-1.8316171788300002	0.29000000000000004
5214239	-17.65559	-14.04588249179	-3.01814755528	-0.59569839234	0.232
7928323	-14.42388	-14.173710641790002	-4.529714738820001	-2.46584569518	0.464
5680576	-13.57224	-11.89570395102	-3.3681915843000003	-2.2786288858800003	0.29000000000000004
6240506	-13.60558	-13.868638633580002	-3.8271322228100004	-3.0651509629800002	0.522
22571157	-13.32698	-11.725823995079999	-3.74559258953	-0.5818583295	0.232
7988756	-13.38691	-11.88594675233	-3.82239966126	-2.38133672064	0.34800000000000003
37359878	-13.41117	-11.475048354459998	-3.96388273624	-1.8963059615100002	0.29000000000000004
6198478	-13.40339	-11.720784655599997	-3.1999119357300003	-3.9631983342300003	0.406
7523862	-13.43594	-12.68411677806	-4.625191844770001	-0.83617829577	0.34800000000000003
7891615	-13.41966	-13.093252373030001	-3.9704949961900002	-2.63328343335	0.464
5554235	-16.33835	-11.68205404151	-4.656312075370001	-0.0	0.232
6625854	-13.53252	-12.556710389910002	-3.3747277445200003	-3.1456536035400005	0.406
6508034	-14.15813	-12.36516753166	-3.66322287302	-3.0983882616000002	0.34800000000000003
5374457	-15.56026	-11.71913612262	-2.39584815028	-1.44501182415	0.34800000000000003
5622899	-14.66775	-11.69337716687	-2.97602091903	-0.0	0.6960000000000001
65868221	-13.40683	-10.518062483160001	-2.8414457356700002	-1.6208851863600002	0.116
5698420	-13.60655	-12.958636894440001	-5.5715772049900005	-0.63882228933	0.406
7902923	-14.06898	-13.3769694671	-4.654362238970001	-1.7973694851300002	0.406
7909720	-13.64236	-11.184198132919999	-3.3699355656700005	-3.07493769672	0.29000000000000004
5728426	-14.88709	-12.07392529615	-2.76768300383	-0.04257170433000001	0.6960000000000001
46926245	-13.6684	-9.56746522684	-5.0288220071700005	-3.8600381714400007	0.34800000000000003
7964978	-14.33242	-12.83550194874	-4.8094222772999995	-0.87440882589	0.29000000000000004
5376798	-13.63658	-10.303850676469999	-3.3339575771900005	-0.0	0.17400000000000002
5665101	-13.39093	-11.655489504019998	-2.44397228691	-3.20151905244	0.29000000000000004
47578096	-13.92949	-15.913562926559997	-3.87368456686	-0.6607102664700001	0.464
7777418	-13.71618	-9.899523065599999	-3.3769321818600004	-2.8485328317300005	0.17400000000000002
5784356	-13.85214	-8.63605765208	-2.38513562285	-2.8292648325300003	0.232
9001286	-13.45671	-12.414900888670001	-4.261092861930001	-1.5017525571600001	0.34800000000000003
7986246	-13.38774	-10.68357151	-3.5465055258400007	-3.8575591788600003	0.34800000000000003
5332638	-13.93369	-10.3451763521	-2.50118876317	-1.086174711	0.34800000000000003
78824385	-13.73098	-13.36564994424	-3.6915098791100003	-1.48299562989	0.34800000000000003
5486526	-13.44187	-9.706233838789998	-1.7996148316000002	-1.93663364886	0.058
7932308	-13.76029	-12.94840918422	-4.1254256299100005	-1.51252618842	0.34800000000000003
7916963	-13.67782	-12.49079854636	-4.462668772550001	-1.52556733422	0.34800000000000003
5829530	-15.80738	-12.7526150057	-2.93264617707	-0.12138839496	0.406
5807360	-15.97548	-13.82345558516	-2.55244561357	-0.53552114118	0.464
12975570	-14.77475	-13.79451579685	-3.98614383606	-0.44719968753000006	0.232
7106966	-13.3649	-12.56603236867	-4.1655294862400005	-2.10670898814	0.406
5691567	-13.61131	-10.96623226205	-3.2543232426800004	-2.57369949558	0.232
7802202	-13.88679	-14.136107884569999	-4.7745472088700005	-1.47240410472	0.464
7594547	-13.41671	-12.25221246768	-3.6538734776200004	-3.0042922825800007	0.406
19474688	-14.61714	-15.095828611559998	-4.45530463324	-1.0428334615800001	0.406
5546500	-15.41165	-13.16441156362	-6.153324571840001	-1.4970647939400001	0.34800000000000003
7988079	-13.60525	-10.58993797306	-3.66770398984	-2.5245602232300004	0.232
7654199	-13.57475	-12.180283895579999	-3.8470352830700003	-3.10371045894	0.406
7682679	-13.51814	-11.897968181020001	-3.36144921836	-3.7911726974700004	0.406
7132053	-13.46585	-12.180292557720001	-2.98323356026	-3.0263506170300003	0.34800000000000003
45036212	-13.73014	-14.407637226950001	-3.4053857657	-1.5360942411	0.406
6440825	-13.48962	-14.73246019016	-5.073621251910001	-0.77939644203	0.522
5647483	-20.97971	-16.880329383459998	-4.096606627090001	-0.0	0.34800000000000003
5421027	-13.67706	-11.656900378120001	-4.42116461105	-0.0	0.17400000000000002
7662061	-13.42312	-13.01375635506	-3.7506456817400005	-2.14669008648	0.406
5652953	-13.48334	-9.987735704279999	-3.4299228436200004	-0.06598114848	0.17400000000000002
5559909	-13.72404	-12.389586673779998	-3.9339772958000006	-1.8137649076200002	0.34800000000000003
57616742	-13.5437	-11.998368065950002	-4.2584216562	-0.45830228463000006	0.232
7807518	-14.31262	-11.220611799709998	-4.21329346424	-3.0627600862500004	0.29000000000000004
7917679	-13.91604	-8.540435842459999	-3.1844826278000005	-4.61994338745	0.17400000000000002
7887631	-13.89965	-12.549460774189999	-4.3704285353	-2.6679188367900006	0.406
7896272	-13.44284	-14.548071413160002	-3.3638307541500003	-1.0344389582700002	0.406
7916188	-14.45481	-11.602009858819999	-4.11775428616	-3.8061523919700004	0.34800000000000003
7934378	-14.00385	-11.76685970596	-4.035361073420001	-3.1101252928200003	0.34800000000000003
7988955	-13.3996	-11.55330413266	-3.6125541297500003	-2.1436823988	0.29000000000000004
9036621	-13.35325	-12.37952396775	-3.0215050613400005	-1.07353302372	0.232
14368240	-13.83538	-13.11428940831	-4.881979336920001	-2.3112200016	0.464
6155418	-14.91558	-11.262236293980003	-4.802867881200001	-4.08012219279	0.34800000000000003
45352597	-14.23795	-14.781023501700002	-3.6764940346900006	-0.77430922029	0.34800000000000003
5395256	-14.02165	-9.974430006539999	-1.9452178127000002	-2.1042652419000003	0.34800000000000003
5105374	-17.62072	-12.50379969562	-3.9699247742500003	-1.14329140497	0.29000000000000004
7750773	-13.53026	-13.12164561155	-4.471642929650001	-0.6838964838	0.34800000000000003
77157904	-13.27206	-10.515745219840001	-2.6973577353700002	-0.84396773691	0.17400000000000002
6945334	-13.44585	-12.448844317319999	-3.77590658382	-1.1525494436100001	0.29000000000000004
7106897	-13.24999	-11.048998018949998	-4.567314668550001	-3.0608450351100003	0.406
7961872	-13.94351	-13.59690134495	-3.05288199702	-2.1884981201100002	0.34800000000000003
7954021	-13.62737	-13.061034660210002	-3.00369000934	-2.34292995882	0.34800000000000003
7932433	-14.50976	-14.460718387	-5.4176421801800005	-2.26446573159	0.522
5522865	-16.9945	-13.82300589096	-2.9111422169600005	-0.25900772949000006	0.116
7281404	-14.35539	-13.31935029912	-5.222523524530001	-0.85389545601	0.34800000000000003
5378363	-14.88838	-11.125970910769999	-3.4440409216400005	-0.31844480751	0.058
5650222	-13.61354	-10.602785760600002	-3.0100262762600005	-0.0	0.464
24496485	-13.98239	-12.15379723814	-3.5890003865900004	-0.6936832175400001	0.17400000000000002
5128693	-15.29045	-15.19814006058	-5.107141254180001	-2.13406602237	0.464
15560163	-13.45469	-12.41101011211	-3.6326714616	-0.5568334281	0.232
5577478	-18.42625	-14.54074406613	-3.88637989555	-0.0	0.5800000000000001
6085219	-13.71874	-13.42738307339	-4.10922901226	-0.18636502275	0.29000000000000004
5754551	-14.54235	-12.21890320424	-2.16934133687	-0.15147702054	0.34800000000000003
7173626	-13.3861	-11.07120363237	-3.6107884056000006	-2.61652379868	0.29000000000000004
5745605	-14.29777	-10.67370325685	-1.71551375856	-1.90581659892	0.17400000000000002
73296823	-14.09032	-13.177137166920001	-3.30651959159	-0.48637012005	0.232
5688163	-13.66744	-10.81142968787	-4.677900201080001	-1.3741784295300001	0.232
5784591	-13.25754	-10.013113221320001	-2.33809652108	-0.90739352574	0.0
7969879	-13.71999	-12.442604171260001	-4.131576732510001	-1.9554258224700003	0.34800000000000003
5379570	-16.19019	-12.1078068544	-3.3302514852700003	-0.74890835793	0.29000000000000004
6380278	-13.43564	-10.09873574789	-3.5927825782400005	-2.09725709463	0.17400000000000002
7836673	-14.07757	-11.47410939253	-4.709754425850001	-2.01161436282	0.34800000000000003
5330920	-14.78404	-10.280538894629998	-3.4847953079200003	-1.01760295653	0.34800000000000003
7960714	-13.38119	-15.050117725020002	-4.0257704033	-2.9141791399800003	0.638
5105552	-15.50806	-10.855097037990001	-3.8588879036900003	-0.7903345562100001	0.464
7916273	-13.71803	-11.85802162183	-4.033455073270001	-1.0337164083000001	0.232
6157415	-14.97135	-12.74682666243	-4.0495622649700005	-3.41843677758	0.34800000000000003
5528373	-16.28785	-11.306753673260001	-4.665932203450001	-0.31080810051	0.34800000000000003
6850348	-13.50579	-10.811944131109998	-5.00466402514	-2.03840158122	0.34800000000000003
26843085	-14.41558	-11.938506487420002	-3.52208382493	-1.4792183971200001	0.17400000000000002
7321632	-13.81528	-13.58949906454	-3.8522265471400003	-2.83276009458	0.464
7990169	-13.89961	-12.095946326229999	-4.457154522990001	-3.0319665338700004	0.406
5706084	-13.60065	-11.494604212590001	-1.70963899968	-0.39833063712000005	0.232
25520526	-13.52638	-10.192986217279998	-3.5447043820000004	-2.1638315565000004	0.17400000000000002
5786525	-14.12814	-10.469011698349998	-3.8348730031800002	-0.6554350642500001	0.232
7907374	-13.64552	-12.030999489249998	-4.50168303505	-2.69954067816	0.406
5666915	-14.71359	-12.84474256248	-3.6640718935100005	-2.51121360915	0.29000000000000004
7984926	-14.10721	-12.76553353248	-4.862385935930001	-1.42593767982	0.34800000000000003
5550626	-13.53468	-13.19904756954	-4.59117070649	-2.06800850682	0.464
5621955	-13.49484	-10.246383129920002	-1.9667729735500001	-1.28158629435	0.116
5630551	-13.58856	-11.1654829164	-2.14022635169	-0.28296349191000003	0.406
7925326	-13.38085	-15.56255027692	-4.40128048805	-2.01564419436	0.638
5282076	-13.51194	-9.56683370362	-2.5839193396900004	-1.3665475969200003	0.17400000000000002
7661827	-14.11369	-12.052934632319998	-4.58345833201	-1.6101115551	0.29000000000000004
5630580	-13.69337	-13.438489421689997	-3.09585449755	-3.55820613885	0.464
5308933	-13.47032	-10.43110729482	-2.44745814551	-0.5873802561	0.17400000000000002
5128396	-13.38361	-14.9553813301	-5.37206194881	-0.88495923033	0.5800000000000001
97315824	-13.35693	-13.61105270729	-3.8426470991	-0.59108699619	0.34800000000000003
44077058	-13.31635	-13.170657450929998	-4.09950823615	-1.4945740525800002	0.406
5700963	-13.51088	-13.827034370509999	-5.086006219950001	-0.12654610938000002	0.406
6349862	-14.10851	-13.722800135480004	-4.50665090959	-3.3125567722200002	0.522
5724200	-13.3501	-11.678564216839998	-4.31597128796	-1.25928123552	0.29000000000000004
7910861	-13.5424	-12.98918887076	-3.8031737833900006	-3.08199283911	0.464
80200218	-13.46894	-10.44295929357	-3.27874985325	-2.11393448784	0.17400000000000002
6137411	-13.88189	-12.25804941171	-3.6414755340500005	-2.85215145597	0.34800000000000003
15723583	-13.6656	-12.792643129199998	-4.30994047203	-0.5696572214700001	0.29000000000000004
5699401	-14.12128	-12.036327635350002	-5.52421441635	-0.6921676249200001	0.29000000000000004
5784266	-13.55871	-11.52517953444	-1.87536843057	-0.16428319074000003	0.058
7954621	-13.56419	-12.868958512230002	-4.490195482720001	-0.9653443830900001	0.34800000000000003
64653264	-13.67195	-12.88308730159	-4.012774533280001	-0.77238829476	0.29000000000000004
7131282	-13.56584	-11.919600434739998	-4.25703046897	-2.15051431437	0.34800000000000003
9274428	-13.72559	-13.370556358839998	-2.94087161102	-0.6279605422200001	0.232
5285944	-16.53443	-12.67656465413	-3.0403465829700003	-0.8145076710600001	0.464
5722957	-18.94003	-14.546206855940001	-2.7019412536700003	-1.6934339028600003	0.5800000000000001
5341686	-13.64712	-9.32265627496	-3.0237421128500004	-2.49881277186	0.116
5353431	-13.39654	-9.35818929328	-3.0751630861700003	-0.96163176861	0.232
6660990	-13.3611	-12.68822444164	-4.5883508081999995	-1.16431584678	0.406
7661643	-14.14926	-11.09922576028	-3.91769055082	-2.44629572526	0.232
6435086	-13.84561	-12.49027804035	-4.504498374370001	-1.31375445399	0.34800000000000003
6068451	-14.6383	-13.41353074184	-3.42371913752	-2.07657336744	0.29000000000000004
5867718	-14.97714	-11.45878944691	-3.9216042512200002	-1.3558385839500002	0.116
5728662	-13.60805	-10.75375873923	-3.7086368773300005	-0.73130868549	0.116
5278089	-13.94637	-11.504756032440001	-2.31733707584	-0.12967715925	0.116
7799233	-13.75597	-14.622868374380003	-4.418155690850001	-1.95682980168	0.522
6828926	-13.49893	-12.32634153354	-4.54733691132	-1.7574765026400003	0.406
7916593	-13.93146	-11.45412341253	-4.144425663420001	-3.2196591687600002	0.34800000000000003
55310120	-14.69991	-16.196287740869998	-4.15786340284	-0.36508158972000004	0.406
7981402	-13.49326	-10.4902688748	-3.5682675937900004	-2.58966021321	0.232
5533985	-13.76894	-10.716598299430002	-3.0542791459800003	-0.0	0.522
5491210	-13.74027	-11.736817307059999	-2.00449564478	-0.0	0.406
5272784	-13.52586	-10.382957073259998	-2.4865674450000004	-1.44955272762	0.116
50644760	-14.24229	-14.66321664043	-5.340577701990001	-0.89395879581	0.464
7332638	-13.77314	-13.868336202360002	-4.07761220462	-1.4650434940500001	0.406
5676796	-15.07178	-11.712610936109998	-3.3641933676100004	-0.0	0.406
6241035	-13.52104	-12.7858386905	-3.76648669973	-0.9164400863400001	0.29000000000000004
5698752	-13.7626	-12.28471622649	-3.62772462846	-1.0695560616900002	0.232
5669706	-14.32632	-11.67121809912	-2.50255575279	-0.15193522296	0.232
6931329	-13.80361	-12.000253181440002	-4.026688159030001	-1.8024097117500002	0.29000000000000004
5478444	-13.44697	-9.02995882279	-4.25615760156	-2.5232384854800003	0.17400000000000002
7790917	-13.98649	-11.17799461956	-4.43565056288	-3.2797718016300004	0.34800000000000003
6868890	-15.27685	-13.931629285699998	-5.253437900100001	-1.00581893019	0.34800000000000003
7934084	-13.48037	-12.97366783576	-5.1755531580000005	-1.63907817219	0.464
6144108	-14.22919	-11.40369261323	-4.846541060350001	-2.13818396976	0.34800000000000003
7929767	-14.34355	-11.43853750145	-4.158226717680001	-3.7768391858700006	0.34800000000000003
5562958	-13.35854	-10.15611260199	-2.12700428662	-1.08056466855	0.116
7942267	-13.52557	-11.48279343848	-3.9234124088600004	-1.28166266142	0.232
5673083	-13.38983	-10.773140978979999	-1.5784444679200003	-1.03653024111	0.116
7907343	-13.78088	-11.713580171859999	-3.9544032348500004	-2.94500206431	0.34800000000000003
7037275	-14.10973	-10.735142775919998	-2.90572931681	-1.7061460828200001	0.406
6239449	-13.46582	-11.34211527582	-4.05772317196	-1.99645256223	0.29000000000000004
14018250	-13.38262	-12.532938262379998	-3.6385016828500003	-1.11730310361	0.29000000000000004
5626129	-13.68461	-10.63646404045	-3.0479414763	-0.0	0.29000000000000004
39817011	-13.38132	-14.140950889749998	-3.2607345572600006	-0.6794671937400001	0.34800000000000003
5626347	-13.44686	-9.59151237171	-3.02914905127	-1.6048774736100002	0.29000000000000004
7941380	-13.75002	-12.36786885186	-3.4542610803100007	-2.75227507719	0.34800000000000003
6803307	-13.63934	-12.506655802730002	-4.48923108522	-1.82342240478	0.406
7957643	-13.60749	-12.96734483288	-2.71797409909	-1.1054368358100002	0.232
55821465	-14.55597	-13.9807959382	-4.51083709612	-1.1701549904400002	0.34800000000000003
34268179	-13.45064	-14.690466606429998	-3.6694497246600006	-0.5959451167200001	0.406
9006534	-13.39926	-11.845669443450001	-3.0171579081	-1.6683561319500002	0.232
19659118	-13.74331	-13.440871579149999	-3.86296537632	-2.06178165342	0.406
5304187	-14.88673	-11.588200147090001	-2.54786384872	-0.74884373964	0.406
5227876	-13.73886	-11.4593976038	-4.05737213127	-3.0411247078800003	0.34800000000000003
7965885	-13.6797	-13.203700201329998	-3.1397906942000002	-2.1382192161	0.34800000000000003
33977481	-13.6416	-13.134601627040002	-5.392437739190001	-1.5100530702300001	0.464
7005320	-13.73529	-13.840458360979998	-4.7743111945	-1.53867309831	0.464
5105250	-14.18873	-10.55992966922	-3.5238867222200003	-0.10348912863000001	0.464
78010253	-13.8949	-14.38687853382	-4.97078211079	-0.22276274319	0.406
5431244	-13.75816	-13.020016093030002	-4.758526637600001	-0.0	0.29000000000000004
7630223	-13.49414	-12.841932395130002	-4.719754351200001	-0.6722475684300001	0.34800000000000003
6821138	-13.81656	-12.258483729720002	-4.58854228494	-1.8104282541	0.406
5805168	-14.08396	-11.770038731369999	-1.97077995749	-0.34779913434000004	0.34800000000000003
16145988	-13.80066	-13.91778120003	-4.10807804768	-0.61923119868	0.34800000000000003
7911785	-14.59445	-11.033410891599999	-3.9168089161600004	-3.05811931815	0.232
5554888	-16.101	-12.14444111115	-3.7344918482700002	-0.22010164452000003	0.464
5745240	-14.59171	-11.62812251377	-2.9659399842900003	-0.0	0.232
7722628	-13.49474	-12.28509842353	-4.19421803238	-1.7460743116500002	0.34800000000000003
5758627	-13.61828	-10.59844222799	-2.7527429084500006	-0.26748447426000005	0.116
7778462	-13.44575	-11.14547818791	-4.24322169953	-3.16678965876	0.406
20740245	-13.52994	-14.98681574597	-4.725686973930001	-0.93440984535	0.522
7444048	-13.58995	-11.179602483539998	-3.2289876436300005	-3.15723790062	0.29000000000000004
5278661	-13.42722	-9.710675022850001	-3.26008543007	-0.4560523932600001	0.464
7934038	-14.05321	-13.802800268469998	-4.451102665660001	-1.55293611723	0.406
7359738	-13.38643	-12.343286187500002	-3.40383536521	-2.32912514232	0.34800000000000003
7778109	-13.40258	-12.73708160109	-3.9003377082400004	-2.2513423443300002	0.406
75055295	-13.76472	-11.49064448862	-4.4886408739500006	-1.00923782517	0.232
7907242	-13.84092	-11.518061208839999	-3.12756073114	-4.855623914250001	0.406
7954220	-13.42984	-11.87015721868	-4.043411162370001	-3.0150424162800005	0.406
7131594	-13.50341	-12.252215785850002	-2.99403551364	-2.9950577415	0.34800000000000003
6500801	-13.98653	-12.078050807550001	-3.28312400962	-1.89153595683	0.232
5761776	-14.4221	-11.06045268753	-2.93046909355	-0.4321201284	0.17400000000000002
7916812	-13.68724	-13.705184116589999	-4.0066413158700005	-0.7755134702400001	0.34800000000000003
5900436	-13.51568	-10.97608736911	-2.92983750086	-2.76853538871	0.232
7909061	-14.13411	-13.566901062089999	-4.65348586466	-1.70117634888	0.406
7651450	-13.78365	-12.436917024589999	-4.4741310752	-1.712972124	0.34800000000000003
31853955	-13.3979	-12.728542740550001	-3.33168300185	-1.2535478308799999	0.29000000000000004
5929411	-13.74228	-12.053172565039999	-3.5362818602700004	-1.36341654705	0.232
21558058	-13.53151	-16.11064715808	-4.335076879160001	-0.9951921586800001	0.5800000000000001
7100674	-13.53808	-11.39043780152	-3.38213396663	-1.93370820264	0.232
7906008	-13.8154	-13.01449056159	-3.8415655711400003	-1.81001117241	0.34800000000000003
6720847	-14.41095	-12.908434274969999	-4.12384577146	-3.27992453577	0.406
6801997	-13.54051	-11.28782785466	-3.8027206919100003	-3.9904026343200005	0.406
14714842	-13.42615	-12.56435971513	-3.8011148824000003	-1.7714340532800001	0.34800000000000003
5333650	-13.67626	-10.91688345663	-3.2211420069500005	-1.14243961842	0.464
5353364	-13.88841	-12.73559376065	-4.948380734970001	-4.3309233994500005	0.5800000000000001
5812346	-16.33939	-12.5375894993	-3.4287452266000003	-0.37171377603000005	0.34800000000000003
5481043	-14.24973	-10.55680489221	-2.8650180654000006	-0.8282184973200001	0.406
7573778	-13.37507	-13.19518692829	-4.942978355520001	-2.2733419348800004	0.522
5696915	-13.57355	-12.51482889752	-4.41001863078	-0.62139884859	0.29000000000000004
48471510	-13.97584	-13.41649259001	-4.3298375705600005	-1.9496924178300004	0.406
23125934	-14.10349	-13.58428725843	-3.2943292565000006	-2.1675911661000002	0.34800000000000003
9065378	-13.38923	-10.831948664690001	-3.53751663976	-1.3667355774	0.17400000000000002
7178781	-13.35045	-12.89382660747	-3.8268969098200003	-2.4773477508000004	0.464
7958088	-13.99215	-10.199122454649999	-3.4390996995400003	-2.8074649712400004	0.17400000000000002
5537420	-15.49204	-12.758217750310001	-2.7329797735000003	-0.0	0.232
5528854	-14.25364	-10.000578847900002	-4.10234110997	-0.57218320917	0.058
7952631	-13.87246	-10.976821620199999	-4.12680804989	-2.82414236445	0.29000000000000004
84691298	-13.58012	-13.74066975299	-3.9126434203400007	-0.68694529221	0.34800000000000003
12473263	-13.52213	-12.879522022740003	-3.2104442085000002	-1.39069133982	0.29000000000000004
5697011	-13.68753	-12.162459337459998	-4.69723479285	-0.8242709072400001	0.29000000000000004
97009631	-13.86304	-12.73935037823	-4.41095672653	-2.38704662772	0.406
96730693	-13.40087	-10.40363799739	-3.5114224982400004	-3.40051988808	0.29000000000000004
7958970	-13.36664	-13.48561236924	-3.9936454458500004	-0.57593694438	0.34800000000000003
9238171	-13.5508	-11.670280547119997	-3.1706977052800003	-1.8757455965100003	0.232
5898349	-13.48956	-11.60180844834	-3.8012670818600003	-2.03078249739	0.29000000000000004
13872930	-14.04362	-14.18917441634	-3.6008950900100003	-1.17753909867	0.34800000000000003
6432476	-14.04066	-11.2413355401	-3.63440281813	-2.45382669324	0.232
5332703	-17.3407	-12.325250832750001	-4.35159963851	-0.6673835735100001	0.34800000000000003
7843385	-14.00671	-12.384539170010001	-4.274758199160001	-3.08121741963	0.406
6696407	-13.70345	-13.10545831663	-4.2703030334	-1.9327917978000002	0.406
6536696	-13.39291	-12.25511316583	-3.66558792638	-1.3923772897500002	0.29000000000000004
7907276	-14.51361	-12.18881026715	-3.8580297652600004	-4.40007671853	0.406
65206491	-14.11884	-12.791970611630003	-3.9586620142100006	-3.9718983058200004	0.464
5704344	-13.3876	-11.71029968435	-3.1990530959200005	-1.6103230331400002	0.232
7984454	-14.57769	-12.58722680917	-4.61076866645	-2.4973265511900005	0.34800000000000003
5668464	-14.26635	-12.90822416517	-3.1533406544200004	-3.20573099007	0.34800000000000003
5628046	-13.58764	-10.22611194564	-3.3635810628700002	-0.0	0.522
7974669	-14.2498	-10.99440297501	-3.2952743660500006	-3.2921843877000003	0.232
7815653	-13.53627	-13.947556860129998	-4.1279032547600005	-1.00443844854	0.406
5312706	-13.77915	-10.54303361479	-2.906097892	-0.33056367408000004	0.29000000000000004
7746490	-13.42087	-10.84912971221	-4.28280267707	-3.0006501607800002	0.34800000000000003
14985457	-13.41654	-13.20180917974	-3.9413203937100003	-3.33225947628	0.522
7735058	-13.37025	-12.312986158289998	-4.0650136663700005	-2.46400701111	0.406
7924443	-14.06171	-13.28078112663	-3.8314695567300006	-1.88466879492	0.34800000000000003
7668051	-13.53451	-10.57830585304	-3.1856118496	-2.14487489997	0.17400000000000002
5106098	-14.34842	-12.39887263656	-4.853474201650001	-0.45202256172000005	0.232
6969323	-13.54249	-12.58033644882	-2.93772241482	-1.98430432371	0.29000000000000004
7102704	-13.60309	-11.493807678449999	-3.7416978263900007	-2.34118526499	0.29000000000000004
9004034	-13.77639	-13.64730128528	-4.156307742	-0.0	0.29000000000000004
