molecule_id	affinity	steric_sum	hydrophobic_value	hydrogen_value	wnrot
jak2_round2_gen3909	-16.22192	-12.30770748291	-5.08712983071	-0.7246823735700001	0.116
jak2_round2_gen4971	-16.59829	-16.144461093080004	-4.89294892012	-0.41267002311	0.29000000000000004
jak2_round2_gen2099	-16.20132	-13.454306049209997	-6.5277471669	-0.0	0.232
jak2_round2_gen4943	-16.22376	-14.27835728414	-4.77518230846	-0.01627793469	0.17400000000000002
jak2_round2_gen2332	-17.09241	-15.493700835930003	-4.354544733130001	-0.24499730934	0.17400000000000002
jak2_round2_gen1218	-16.26361	-14.03974815034	-4.947088442320001	-0.12669884352000002	0.17400000000000002
jak2_round2_gen2211	-16.10347	-14.28423228693	-5.676225205130001	-0.8549410974300001	0.29000000000000004
jak2_round2_gen798535	-16.22537	-13.495391374639997	-5.223046403320001	-0.34425687717000003	0.17400000000000002
jak2_round2_gen1694	-16.07573	-15.72931198497	-4.758670069810001	-0.28565983692	0.29000000000000004
jak2_round2_gen19039	-17.62532	-13.831904474810003	-4.71933247113	-0.10804178088000001	0.29000000000000004
jak2_round2_gen6844	-16.16073	-13.937755443449998	-5.513605342470001	-0.48937780773	0.232
jak2_round2_gen797985	-16.60454	-15.306458313699999	-5.03209324349	-0.15277526073000003	0.232
jak2_round2_gen797909	-16.28943	-13.967906957060002	-4.951357742380001	-1.1736385037100001	0.232
jak2_round2_gen4049	-16.18167	-14.442779066749997	-6.366343497160001	-0.10512808344	0.29000000000000004
jak2_round2_gen798795	-16.69225	-12.909556012589999	-5.7389331361	-0.0	0.116
jak2_round2_gen798549	-16.5776	-12.992392702239998	-5.33160214213	-0.19871299053000002	0.116
jak2_round2_gen7734	-16.73019	-16.22399880701	-7.34699162107	-0.0	0.406
jak2_round2_gen13981	-16.14453	-14.945795549729999	-4.80984240392	-0.15971291532	0.232
jak2_round2_gen1278	-16.1145	-13.04733468007	-5.02858494073	-0.8623898239500001	0.17400000000000002
jak2_round2_gen4538	-16.27982	-13.4146127711	-5.7250402010600006	-0.0	0.17400000000000002
jak2_round2_gen25205	-16.53045	-15.42330199444	-4.73931619009	-0.23222051109000003	0.232
jak2_round2_gen19502	-16.18174	-14.423643749409997	-5.5431106456200006	-0.0	0.232
jak2_round2_gen1761	-16.25507	-13.75795276094	-4.42983612268	-0.9122868926100002	0.17400000000000002
jak2_round2_gen797119	-16.73595	-13.69535715563	-4.9957684226	-0.0	0.116
jak2_round2_gen905	-16.64149	-14.18860124111	-5.18723744742	-0.18452046429000002	0.17400000000000002
jak2_round2_gen7672	-16.20854	-14.20627370263	-5.7794045155500005	-0.0	0.232
jak2_round2_gen10943	-16.34964	-14.673865050640002	-4.4085211844800005	-0.13924654056000002	0.17400000000000002
jak2_round2_gen792922	-16.17494	-13.69980795935	-4.93862103227	-0.37365232473000004	0.17400000000000002
jak2_round2_gen11392	-16.98629	-15.701655105220002	-5.25755429932	-0.0	0.232
jak2_round2_gen1856	-16.19708	-15.35027079482	-5.574841778200001	-0.0	0.29000000000000004
jak2_round2_gen794241	-16.25964	-14.977440683040001	-5.08177619717	-0.0	0.232
jak2_round2_gen199974	-17.24227	-15.772727138699999	-4.07047846864	-1.43345689902	0.464
jak2_round2_gen1657	-16.22906	-14.17307315438	-4.53040489674	-0.37475671005000005	0.17400000000000002
jak2_round2_gen793876	-16.2645	-12.587921514329999	-4.7335767975500005	-0.85228587315	0.116
jak2_round2_gen6951	-16.18048	-13.58662872424	-4.485043846620001	-0.0	0.116
jak2_round2_gen776072	-17.03598	-17.401414702350003	-6.37056861028	-0.23019384654	0.406
jak2_round2_gen799322	-16.44192	-14.133383204400001	-5.162950060780001	-0.037596096	0.17400000000000002
jak2_round2_gen288318	-16.2135	-13.96355740393	-2.7700084292200002	-0.4250238652800001	0.058
jak2_round2_gen795977	-16.41699	-14.693543510229997	-5.559583256300001	-0.0	0.232
jak2_round2_gen797537	-16.08746	-12.5414743941	-5.08318106131	-0.33732509697	0.116
jak2_round2_gen798063	-16.30287	-15.15258499208	-5.675488756130001	-0.22683956985	0.29000000000000004
jak2_round2_gen75885	-16.51909	-13.80990939464	-4.64784115842	-0.0	0.116
jak2_round2_gen1304	-16.94512	-16.44244059915	-5.445973723900001	-0.01436288355	0.29000000000000004
jak2_round2_gen12249	-16.26792	-13.4458919026	-5.6700541132	-0.0	0.17400000000000002
jak2_round2_gen799868	-16.2697	-13.40294740849	-4.928614443810001	-0.7974836888400001	0.17400000000000002
jak2_round2_gen1075	-16.71454	-14.36335485628	-5.079319613720001	-0.20283093792	0.17400000000000002
jak2_round2_gen1153	-16.29048	-12.38980645789	-5.805639283760001	-0.0	0.116
jak2_round2_gen365	-17.68388	-15.60239926423	-6.05986814167	-0.15348606192000003	0.232
jak2_round2_gen10874	-16.83128	-14.538625411530003	-4.3540064239800005	-0.8905575240000001	0.17400000000000002
jak2_round2_gen795474	-16.32672	-14.274465761830001	-5.8684710083	-0.0	0.232
jak2_round2_gen798143	-16.06909	-13.44519886784	-5.182001645720001	-0.26391284514	0.17400000000000002
jak2_round2_gen2165	-16.45542	-14.493268746469997	-5.72125415182	-0.08974893042000001	0.232
jak2_round2_gen309035	-17.1619	-15.164073101509999	-4.00367167295	-0.0	0.6960000000000001
jak2_round2_gen412	-16.40611	-14.894070742420002	-5.34696587103	-0.0	0.232
jak2_round2_gen181	-16.54079	-15.232801841459999	-5.929086722730001	-0.21780475803000002	0.29000000000000004
jak2_round2_gen7631	-16.36733	-13.08111669041	-5.1944272938000005	-0.0	0.116
jak2_round2_gen2644	-17.12449	-15.519425844820002	-4.63612004655	-0.9769463033400001	0.232
jak2_round2_gen31069	-16.28739	-14.723518782760003	-5.3787113819000005	-0.0	0.232
jak2_round2_gen3683	-16.29637	-14.885788170449999	-5.22808687069	-0.0	0.232
jak2_round2_gen14942	-16.35501	-13.92631544592	-6.250453077	-0.0	0.232
jak2_round2_gen1510	-16.30543	-13.303988935429997	-4.715158558750001	-0.19729138815	0.116
jak2_round2_gen799659	-16.21194	-12.846332576390001	-4.48490041441	-0.77685870555	0.116
jak2_round2_gen196	-16.95997	-13.689388927280001	-5.75361687709	-0.49361911731	0.17400000000000002
jak2_round2_gen74412	-16.34881	-15.83096940706	-5.37601878408	-0.8746320527100001	0.34800000000000003
jak2_round2_gen8436	-16.26358	-13.20899720054	-5.907861561170001	-0.0	0.17400000000000002
jak2_round2_gen797423	-16.39979	-14.35643800483	-4.8850405099300005	-0.036738435060000005	0.17400000000000002
jak2_round2_gen6173	-16.23105	-14.10620282139	-4.75539672935	-1.1644450833600002	0.232
jak2_round2_gen4811	-16.82219	-13.524857488520002	-5.72744733722	-0.5336883315000001	0.17400000000000002
jak2_round2_gen794517	-16.34758	-15.52485119368	-5.146326653400001	-0.45330905313000003	0.29000000000000004
jak2_round2_gen6211	-16.35949	-12.30087731618	-5.4947196339	-0.48426708843000005	0.116
jak2_round2_gen17278	-16.16564	-14.452864775260002	-4.31752274052	-0.23171531355000002	0.17400000000000002
jak2_round2_gen795620	-16.15896	-14.347113074609997	-5.03101557312	-0.5652103082400001	0.232
jak2_round2_gen117459	-16.18191	-15.44141444898	-5.675349882890001	-0.7378703791200001	0.34800000000000003
jak2_round2_gen4055	-17.1694	-14.141902033249997	-4.824430055850001	-1.2110054985	0.17400000000000002
jak2_round2_gen1648	-16.76313	-14.235367192559998	-5.469289348550001	-0.0	0.17400000000000002
jak2_round2_gen12431	-16.47511	-13.240396212650001	-5.553341324990001	-0.57727043091	0.17400000000000002
jak2_round2_gen14833	-16.30569	-14.296782612299998	-4.634541941550001	-0.24230683872000003	0.17400000000000002
jak2_round2_gen4161	-16.11167	-12.024936320519998	-5.492881316920001	-0.48118890807000003	0.116
jak2_round2_gen6017	-16.72434	-14.506052336119998	-4.416710146670001	-0.72838323927	0.17400000000000002
jak2_round2_gen12011	-16.23293	-13.996342736939999	-4.75469219314	-0.32875436196	0.17400000000000002
jak2_round2_gen794768	-16.28566	-14.57367263621	-4.35665518555	-0.21474420084	0.17400000000000002
jak2_round2_gen792758	-16.89744	-12.89888151569	-5.87971833798	-0.10632058461000002	0.116
jak2_round2_gen17951	-16.90569	-15.147144674939998	-4.9633085562	-0.7442029715400001	0.232
jak2_round2_gen17056	-16.65786	-13.698620405009997	-4.524121934700001	-1.35891676431	0.17400000000000002
jak2_round2_gen5848	-16.31391	-12.79718479113	-5.1192428647	-0.29656857915	0.116
jak2_round2_gen267	-16.29286	-15.176010360480003	-5.883479137540001	-0.0	0.29000000000000004
jak2_round2_gen796724	-16.1771	-13.53800101399	-5.47115712349	-0.0	0.17400000000000002
jak2_round2_gen12557	-16.11952	-12.930706531689998	-4.7196112696800006	-1.28907026721	0.17400000000000002
jak2_round2_gen83705	-16.1989	-15.639472287779997	-5.2895582687200005	-0.0	0.29000000000000004
jak2_round2_gen7974	-16.47621	-15.49745001497	-7.483470349750001	-0.24436287522000003	0.406
jak2_round2_gen189	-17.10604	-16.127085545190003	-5.81109005843	-0.16527596265	0.29000000000000004
jak2_round2_gen5856	-17.1166	-13.01220127274	-5.5450124374900005	-0.5636770924500001	0.116
jak2_round2_gen81812	-19.14234	-15.242527764039998	-5.285233910330001	-0.8602750435500001	0.406
jak2_round2_gen285	-16.29048	-14.996476628510003	-6.052107722660001	-0.0	0.29000000000000004
jak2_round2_gen793254	-16.44734	-12.947499466719998	-4.71951518062	-0.70249480254	0.116
jak2_round2_gen12874	-16.52186	-13.666141396129998	-5.16505805837	-0.587439	0.17400000000000002
jak2_round2_gen783876	-18.23238	-17.94288931354	-3.3473704176200005	-0.14499169398000003	0.928
jak2_round2_gen3620	-16.10664	-13.8476959903	-6.027798943930001	-0.0	0.232
jak2_round2_gen37838	-16.50249	-15.075444214219997	-6.251625082980001	-0.0	0.29000000000000004
jak2_round2_gen1546	-16.1835	-14.766768842280001	-6.00548383785	-0.14977932183	0.29000000000000004
jak2_round2_gen1916	-16.28877	-13.77535103862	-4.39056550579	-0.027662502510000003	0.116
jak2_round2_gen3366	-16.13687	-13.85010274628	-4.91180166383	-0.20385895617000002	0.17400000000000002
jak2_round2_gen13903	-16.26137	-14.575162954930002	-5.482835451180001	-0.0	0.232
jak2_round2_gen1736	-16.53422	-13.381421108249999	-4.5613690702900005	-0.52639233912	0.116
jak2_round2_gen1199	-16.13183	-14.345423974560001	-5.70968138182	-0.79149768543	0.29000000000000004
jak2_round2_gen154	-16.34485	-14.011493141339997	-5.855114278270001	-0.29542307310000004	0.232
jak2_round2_gen259	-16.17512	-12.404871884030001	-4.6915743055600005	-0.9697090548600001	0.116
jak2_round2_gen2121	-17.07387	-15.292351889570003	-5.76988994516	-0.0	0.232
jak2_round2_gen799533	-16.5657	-14.93146223893	-5.367052692850001	-0.14282991846	0.232
jak2_round2_gen1408	-16.4908	-14.509130345860001	-4.86703854016	-0.00216764991	0.17400000000000002
jak2_round2_gen797380	-16.07013	-13.53103244071	-4.286892073160001	-1.06112631204	0.17400000000000002
jak2_round2_gen7268	-16.97431	-12.94882983039	-5.553673428420001	-0.45230453244	0.116
jak2_round2_gen2910	-16.76005	-16.31109291851	-5.348770872460001	-0.0	0.29000000000000004
jak2_round2_gen367967	-16.16691	-14.940633030290002	-3.11281141112	-0.0	0.17400000000000002
jak2_round2_gen1132	-16.30531	-14.800075652589996	-5.08984417131	-0.22370851998000002	0.232
jak2_round2_gen206	-16.65096	-13.22274314035	-5.37910836298	-0.0	0.116
jak2_round2_gen3462	-16.42585	-12.32990758367	-4.955753290840001	-1.0606739840100001	0.116
jak2_round2_gen85	-16.48802	-13.978974528359998	-5.204347261830001	-0.18530763255000002	0.17400000000000002
jak2_round2_gen793013	-17.65586	-14.150377309240001	-5.66946109641	-0.9262738152000001	0.17400000000000002
jak2_round2_gen18787	-16.75785	-13.746364189509999	-5.082365005680001	-0.86613768477	0.17400000000000002
jak2_round2_gen8691	-16.27308	-15.10013302003	-5.592814991390001	-0.3336066081	0.29000000000000004
jak2_round2_gen793080	-16.88525	-14.13721721152	-5.507536301330001	-0.19465378704	0.17400000000000002
jak2_round2_gen922	-16.16536	-13.715246976189999	-5.2606102119800005	-0.9621722124900001	0.232
jak2_round2_gen455	-16.76051	-14.478582283680002	-5.407204243020001	-0.8001506619000001	0.232
jak2_round2_gen792993	-17.04861	-13.97657035596	-6.05742207892	-0.0	0.17400000000000002
jak2_round2_gen796097	-16.99022	-13.74301404397	-5.782721692260001	-0.44467369983000005	0.17400000000000002
jak2_round2_gen1341	-16.32794	-13.98386026423	-5.029227755500001	-0.17627869512000002	0.17400000000000002
jak2_round2_gen793937	-16.12338	-14.29468503923	-5.32157275882	-0.27933899328	0.232
jak2_round2_gen15020	-16.69681	-15.854433947759997	-5.4247590830400005	-0.30427577883000007	0.29000000000000004
jak2_round2_gen797262	-16.6422	-14.53575266914	-6.006298490720001	-0.0	0.232
jak2_round2_gen2022	-17.54261	-14.154624565710002	-5.719233125350001	-0.7467524568000001	0.17400000000000002
jak2_round2_gen33077	-16.49353	-14.987759544160001	-4.62059535094	-0.7370479645200001	0.232
jak2_round2_gen8256	-16.99032	-14.700715011080002	-5.013442497220001	-0.25470767601	0.17400000000000002
jak2_round2_gen28555	-17.15724	-16.297836163229995	-4.74688758719	-0.11230658802	0.232
jak2_round2_gen8304	-16.13999	-14.8518522534	-4.91153233391	-0.15563021427	0.232
jak2_round2_gen2654	-16.70544	-14.697230125940001	-5.63258674429	-0.28248766632	0.232
jak2_round2_gen795181	-16.29898	-13.27099297509	-5.468434717020001	-0.42243913368	0.17400000000000002
jak2_round2_gen17092	-16.18746	-14.08147941552	-4.736687067160001	-0.21327560334	0.17400000000000002
jak2_round2_gen11403	-16.73015	-12.430527145489998	-6.25865957369	-0.0	0.116
jak2_round2_gen798845	-16.13503	-13.600336725490001	-5.1962515831800005	-0.16750823085000002	0.17400000000000002
jak2_round2_gen792267	-17.67773	-15.41883707359	-5.32730127997	-1.0648506753	0.232
jak2_round2_gen607	-17.05798	-15.30517545106	-4.875297289660001	-0.8647395799500001	0.232
jak2_round2_gen487	-17.0427	-15.678976207229999	-6.34715514312	-0.0	0.29000000000000004
jak2_round2_gen1384	-16.07229	-13.516187946429998	-5.8430789481600005	-0.47020379877	0.232
jak2_round2_gen2371	-16.18787	-13.121905232000001	-4.735251342300001	-1.1693384502300002	0.17400000000000002
jak2_round2_gen3834	-16.21837	-14.80187532356	-4.706249629990001	-0.50544426438	0.232
jak2_round2_gen2246	-17.40495	-13.682125496010002	-5.75839327489	-0.0	0.116
jak2_round2_gen799341	-16.51702	-12.70319090476	-5.738250342670001	-0.0	0.116
jak2_round2_gen6409	-16.53862	-14.642711850159998	-4.79242047541	-0.0	0.17400000000000002
jak2_round2_gen31945	-17.02564	-12.96756410199	-5.940320375500001	-0.10013485194	0.116
jak2_round2_gen3346	-16.15545	-12.991951627199997	-5.9486597837	-0.04868106993	0.17400000000000002
jak2_round2_gen375	-16.07394	-15.13566952601	-5.6382360095	-0.0	0.29000000000000004
jak2_round2_gen793082	-16.84657	-13.91266285898	-5.8861738395	-0.0	0.17400000000000002
jak2_round2_gen3254	-16.26708	-14.073455034439998	-5.0559022889700005	-0.0	0.17400000000000002
jak2_round2_gen792444	-16.58617	-15.85559793234	-5.1512012444	-0.42699178593000003	0.29000000000000004
jak2_round2_gen795624	-17.23153	-14.086032213979998	-4.9961510253900006	-1.174878	0.17400000000000002
jak2_round2_gen224	-16.60196	-14.246783779159998	-5.218150069540001	-0.056946336660000006	0.17400000000000002
jak2_round2_gen1497	-16.07937	-13.99678402983	-4.897388304830001	-0.0	0.17400000000000002
jak2_round2_gen2402	-16.17907	-15.157082408729998	-4.8089597171900005	-0.0	0.232
jak2_round2_gen353	-17.12329	-15.150891799370001	-4.742618287130001	-0.22794395517000002	0.17400000000000002
jak2_round2_gen15877	-17.01534	-14.650537016649999	-5.3455929196800005	-0.0	0.17400000000000002
jak2_round2_gen8971	-16.09254	-15.75274960463	-6.9254148979200005	-0.0	0.406
jak2_round2_gen2483	-16.12141	-12.57607748371	-4.75606584587	-0.67821007428	0.116
jak2_round2_gen1637	-16.14464	-15.16059016009	-4.52424853379	-0.23659105725000001	0.232
jak2_round2_gen4109	-16.54218	-13.960980382259999	-4.7589614932	-1.2086616168900002	0.232
jak2_round2_gen21351	-16.21384	-13.172075782489998	-4.62381012617	-1.2610670500800003	0.17400000000000002
jak2_round2_gen799615	-16.19468	-12.479043408439997	-5.44718325371	-0.64855615356	0.17400000000000002
jak2_round2_gen9802	-16.27034	-14.47415842082	-4.64203934306	-0.0	0.17400000000000002
jak2_round2_gen794773	-16.5637	-14.70972068832	-4.37126247612	-0.39391897023000005	0.17400000000000002
jak2_round2_gen29421	-16.25361	-13.021622690080001	-5.13218402708	-0.0	0.116
jak2_round2_gen4081	-16.2352	-13.460874968299997	-5.47168912022	-0.15732203859000002	0.17400000000000002
jak2_round2_gen3852	-16.25899	-14.507217416919996	-4.36012701655	-0.24801087141000003	0.17400000000000002
jak2_round2_gen2394	-16.88697	-12.89400529558	-5.508166491260001	-0.47463896322000004	0.116
jak2_round2_gen6518	-16.10513	-15.198849740320002	-4.676518131790001	-0.0	0.232
jak2_round2_gen797258	-16.21974	-14.56451805583	-5.44888374952	-0.0	0.232
jak2_round2_gen169	-16.12934	-15.388630019329998	-4.47153631989	-0.9877669297200001	0.29000000000000004
jak2_round2_gen67801	-17.2638	-16.015977364109997	-6.292738225130001	-0.0	0.29000000000000004
jak2_round2_gen7725	-16.44164	-11.819316823769999	-4.46794630636	-1.1153880524700002	0.058
jak2_round2_gen4951	-16.29934	-14.900531080020002	-4.592943093750001	-0.61685207073	0.232
jak2_round2_gen1031	-16.10324	-13.396316924119999	-4.56888190216	-0.9614261649600001	0.17400000000000002
jak2_round2_gen3744	-16.24141	-13.96262566434	-5.1163629984200005	-0.0	0.17400000000000002
jak2_round2_gen795844	-16.13082	-14.589461358129999	-5.31498820338	-0.0	0.232
jak2_round2_gen21651	-16.6263	-13.609967526310001	-5.869700176750001	-0.06433631928000001	0.17400000000000002
jak2_round2_gen27222	-17.53074	-13.469891263649998	-4.54732183165	-0.5403440153700001	0.522
jak2_round2_gen1915	-16.42512	-14.304777272510002	-3.9645413320600005	-0.07220800188000001	0.116
jak2_round2_gen3566	-17.94886	-16.36775750896	-5.54671924572	-0.23758970355	0.232
jak2_round2_gen767	-16.46546	-16.113773878809997	-6.1283351038200005	-0.0	0.34800000000000003
jak2_round2_gen27363	-16.40697	-12.959288459160001	-4.81168001952	-0.5556761732700001	0.116
jak2_round2_gen576488	-16.18501	-13.165913027810001	-3.9694404713600004	-0.0	0.638
jak2_round2_gen6517	-16.6463	-13.7544019292	-5.41464202723	-0.4004924126400001	0.17400000000000002
jak2_round2_gen1605	-17.24664	-14.36585804484	-5.9143868500000005	-0.0	0.17400000000000002
jak2_round2_gen12696	-17.1554	-13.862426358259999	-5.1878820156400005	-1.1109058929000002	0.17400000000000002
jak2_round2_gen3995	-16.92103	-14.973932445990002	-4.6206525134100005	-0.29556405846000006	0.17400000000000002
jak2_round2_gen793309	-16.07023	-13.787831727000002	-5.07133054483	-0.9689806305	0.232
jak2_round2_gen797248	-16.44749	-14.78284738403	-5.509809473910001	-0.0	0.232
jak2_round2_gen1839	-16.27698	-12.86613170795	-5.68801926052	-0.5717073835800001	0.17400000000000002
jak2_round2_gen797489	-16.62563	-12.706688537779998	-5.86305004228	-0.0	0.116
jak2_round2_gen36070	-16.22687	-14.39449311567	-4.470892803740001	-0.20378846349000002	0.17400000000000002
jak2_round2_gen2406	-16.10989	-12.858896831940001	-5.13500918572	-0.0	0.116
jak2_round2_gen4292	-16.35887	-14.77806918771	-4.45589274037	-0.0	0.17400000000000002
jak2_round2_gen796413	-16.13699	-14.835969847760001	-5.07972115377	-0.0	0.232
jak2_round2_gen799359	-16.55497	-12.680729745139999	-5.809958732490001	-0.0	0.116
jak2_round2_gen1390	-17.70125	-15.03730467892	-5.77507980647	-0.0	0.17400000000000002
jak2_round2_gen3771	-16.49622	-13.127156279109998	-5.052951934000001	-0.24925624209000002	0.116
jak2_round2_gen6857	-17.34215	-13.698702373449997	-5.514651801430001	-0.15776261784000004	0.116
jak2_round2_gen415823	-16.4477	-14.39430303819	-1.9647116177300001	-0.56606209479	0.638
jak2_round2_gen2608	-16.67655	-12.827064382980002	-5.615825866430001	-0.18423261918000003	0.116
jak2_round2_gen4595	-16.83622	-14.16419725387	-6.212458270330001	-0.39377211048000005	0.232
jak2_round2_gen2336	-16.22656	-13.505338777920002	-4.44829854842	-1.1151707000400002	0.17400000000000002
jak2_round2_gen6088	-16.6408	-13.369929542129999	-4.80693097554	-0.40265418816000004	0.116
jak2_round2_gen10262	-16.6098	-12.300977388549999	-6.931303333710001	-0.29339640855000004	0.17400000000000002
jak2_round2_gen197532	-16.22628	-13.97572892821	-4.65881354714	-0.43517481120000007	0.17400000000000002
jak2_round2_gen3718	-16.20155	-13.396688875559999	-4.9983572161800005	-0.64244678796	0.17400000000000002
jak2_round2_gen1321	-16.22064	-15.909093985710001	-5.741471430320001	-0.25921920753	0.34800000000000003
jak2_round2_gen428	-17.80466	-13.38309512395	-4.89246356516	-0.57942633204	0.058
jak2_round2_gen22385	-16.43953	-13.527037189729999	-4.68066924932	-2.08046221362	0.232
jak2_round2_gen794785	-16.31878	-14.388981634490001	-4.4980053490200005	-0.29268560736000004	0.17400000000000002
jak2_round2_gen796666	-16.12836	-14.0164815837	-5.75095969896	-0.13206216159	0.232
jak2_round2_gen5561	-16.44472	-13.641948212149998	-5.68389339267	-0.0	0.17400000000000002
jak2_round2_gen617	-16.47198	-13.00911910803	-4.8586275912	-0.5319612608400001	0.116
jak2_round2_gen426	-16.17678	-14.567476071959998	-4.435737534	-0.01629555786	0.17400000000000002
jak2_round2_gen7028	-16.27893	-13.789562219659999	-5.052022605500001	-0.29372537439	0.17400000000000002
jak2_round2_gen18651	-16.16556	-13.684722961959997	-5.30672910319	-0.0	0.17400000000000002
jak2_round2_gen604740	-16.24498	-14.430447673979998	-3.18669057204	-1.4719165303500001	0.29000000000000004
jak2_round2_gen1607	-16.53706	-14.7934041685	-5.1814195003200005	-0.43558014411	0.232
jak2_round2_gen2264	-16.22359	-12.934509822479999	-5.11359465156	-0.07032819708	0.116
jak2_round2_gen2573	-16.37591	-12.111660557700002	-6.119598363850001	-0.05687584398000001	0.116
jak2_round2_gen4501	-16.33691	-12.81928300756	-6.03173543918	-0.34538476005	0.17400000000000002
jak2_round2_gen789053	-16.18032	-19.32764445957	-2.4490997254000004	-0.08427987333	0.638
jak2_round2_gen795299	-16.37741	-13.751337991599998	-5.498941941500001	-0.0	0.17400000000000002
jak2_round2_gen797102	-17.48476	-13.96106345728	-4.80263712718	-0.7690868875800001	0.116
jak2_round2_gen5091	-16.69722	-14.227332749180002	-5.826997707520001	-0.54528437736	0.232
jak2_round2_gen37737	-16.41101	-13.437232819709998	-4.89364574115	-0.9524148507000001	0.17400000000000002
jak2_round2_gen2685	-16.12484	-13.60825770209	-5.218113247090001	-0.1300589946	0.17400000000000002
jak2_round2_gen14570	-16.63798	-14.325653388420001	-5.72454187057	-0.4683181195800001	0.232
jak2_round2_gen2304	-16.33269	-13.97676296332	-4.82390156602	-1.34682726969	0.232
jak2_round2_gen798385	-16.11147	-14.790518363439999	-4.714687231390001	-0.37327048938	0.232
jak2_round2_gen795266	-16.30819	-14.06734092577	-4.8491537008500005	-0.24959108232000002	0.17400000000000002
jak2_round2_gen794890	-16.25738	-12.98147661993	-5.1586688372600005	-0.01510893108	0.116
jak2_round2_gen795783	-16.74216	-14.22978963173	-5.428553899530001	-0.028155951270000004	0.17400000000000002
jak2_round2_gen19078	-16.41347	-14.626540842199999	-5.38301364682	-0.24056214489	0.232
jak2_round2_gen20556	-16.38765	-15.36607524354	-4.84717475718	-0.96851655369	0.29000000000000004
jak2_round2_gen795687	-16.72765	-13.96646861929	-4.715272533	-0.0	0.116
jak2_round2_gen374	-16.13541	-12.44169117896	-5.57960029081	-0.0	0.116
jak2_round2_gen2080	-16.23918	-12.710873683980001	-5.2267693283600005	-0.20303066718	0.116
jak2_round2_gen795551	-16.50833	-12.27065000432	-5.70790934525	-0.46215588447000006	0.116
jak2_round2_gen22964	-16.64727	-13.971396331049998	-5.590823422880001	-0.0	0.17400000000000002
jak2_round2_gen4514	-16.14231	-13.744498427890003	-5.587053505380001	-0.587439	0.232
jak2_round2_gen7801	-16.49134	-12.99628792572	-5.424331591930001	-0.0	0.116
jak2_round2_gen1804	-16.86051	-15.903672368679999	-4.69680344415	-0.2125941741	0.232
jak2_round2_gen795458	-16.51616	-14.573313608549999	-4.84715161164	-0.0	0.17400000000000002
jak2_round2_gen795043	-16.48754	-14.4222525169	-4.952937951520001	-0.01037417274	0.17400000000000002
jak2_round2_gen794586	-17.22302	-15.843039535519999	-6.24246015052	-0.16034734944	0.29000000000000004
jak2_round2_gen226	-16.8066	-14.25228696068	-6.293677022260001	-0.19027736649	0.232
jak2_round2_gen1993	-16.07048	-13.91715251529	-4.74638645118	-0.2268101979	0.17400000000000002
jak2_round2_gen8492	-16.52129	-13.910672176750001	-3.62130840422	-1.8878879606400003	0.17400000000000002
jak2_round2_gen59250	-16.56959	-13.698365405360002	-5.62029716393	-0.17253670869000004	0.9860000000000001
jak2_round2_gen795396	-16.09276	-13.760273448550002	-4.79836607367	-0.36076978746000005	0.17400000000000002
jak2_round2_gen19718	-16.18551	-12.772094747	-6.24611609377	-0.0	0.17400000000000002
jak2_round2_gen3009	-16.37099	-13.000318217570001	-5.0855398022500005	-0.20274869646000002	0.116
jak2_round2_gen523	-17.11537	-14.0143741422	-4.9439048785	-1.16344056267	0.17400000000000002
jak2_round2_gen63579	-17.36554	-13.502166782599996	-5.889095788580001	-0.0	0.406
jak2_round2_gen1787	-16.17299	-14.38783232763	-4.63138853707	-0.0	0.17400000000000002
jak2_round2_gen2107	-16.39519	-13.68328657244	-5.54364965615	-0.050508005220000006	0.17400000000000002
jak2_round2_gen1160	-16.99178	-13.464553914529999	-5.349925343940001	-0.16767858816000003	0.116
jak2_round2_gen1609	-16.61106	-14.2787594797	-4.171700928860001	-0.58679869149	0.17400000000000002
jak2_round2_gen4682	-16.73311	-14.794508848529999	-5.645293996440001	-0.20126835018	0.232
jak2_round2_gen3336	-16.93513	-15.159680740310002	-5.4827365566	-0.25095394080000005	0.232
jak2_round2_gen2639	-16.25512	-12.922788039669998	-4.80530728084	-0.42450104457000004	0.116
jak2_round2_gen7338	-16.80283	-14.58643578589	-5.165970904440001	-0.0	0.17400000000000002
jak2_round2_gen797853	-17.62062	-15.071953006869999	-5.5789027684	-0.06349040712000001	0.17400000000000002
jak2_round2_gen72509	-16.46436	-14.822319894129999	-3.3057340459900004	-0.26108138916	0.29000000000000004
jak2_round2_gen6686	-16.22215	-13.732257627020001	-4.276478684300001	-1.0648917960300002	0.17400000000000002
jak2_round2_gen9936	-16.24695	-14.27972637729	-4.81257603247	-0.0	0.17400000000000002
jak2_round2_gen1414	-16.43677	-13.977324293559999	-5.268923669120001	-0.08003856375000001	0.17400000000000002
jak2_round2_gen970	-16.13558	-12.165228259400001	-5.04822393142	-0.80830431522	0.116
jak2_round2_gen795714	-16.25178	-14.0459082195	-4.93477326159	-1.07420270418	0.232
jak2_round2_gen1289	-16.7052	-12.218167108169999	-5.6581096118000005	-0.785405943	0.116
jak2_round2_gen797424	-16.81131	-14.070328253189999	-4.76660478175	-0.92428239699	0.17400000000000002
jak2_round2_gen798382	-16.34561	-14.755291286899999	-5.05217024599	-0.36069929478	0.232
jak2_round2_gen3937	-16.13214	-14.646827646879997	-4.75880648822	-0.4965034428	0.232
jak2_round2_gen1995	-16.63866	-15.64878433186	-5.187468201440001	-0.6714662745600001	0.29000000000000004
jak2_round2_gen1716	-16.46233	-13.48507034167	-5.08211847061	-0.7855234308	0.17400000000000002
jak2_round2_gen7902	-16.1462	-13.288036176210001	-5.68464702548	-0.0	0.17400000000000002
jak2_round2_gen1431	-16.95789	-14.8547715148	-4.6593297628200006	-0.41830943751000005	0.17400000000000002
jak2_round2_gen10169	-16.14988	-13.51845278635	-5.46592482869	-0.0	0.17400000000000002
jak2_round2_gen3307	-16.26864	-13.135929324720001	-5.03837655622	-0.0	0.116
jak2_round2_gen3807	-16.53353	-14.59045152193	-4.84801290628	-0.0	0.17400000000000002
jak2_round2_gen794830	-16.48137	-16.99612489753	-5.22495170209	-0.04347636039000001	0.34800000000000003
jak2_round2_gen713	-17.01987	-14.75936244383	-5.74025313326	-0.50068013409	0.232
jak2_round2_gen3648	-16.28867	-14.81427442837	-5.27947067087	-0.0	0.232
jak2_round2_gen796219	-17.04068	-14.864606118	-5.974227890220001	-0.175056822	0.232
jak2_round2_gen795638	-16.53145	-14.709457335250002	-4.43725461894	-0.27984419082000006	0.17400000000000002
jak2_round2_gen10051	-16.44741	-13.161805852529998	-5.03567519115	-0.16680917844	0.116
jak2_round2_gen792823	-16.11044	-13.265438299700001	-5.66620038079	-0.0	0.17400000000000002
jak2_round2_gen18107	-16.2577	-12.275972792689998	-5.88917048555	-0.0	0.116
jak2_round2_gen8792	-16.31089	-14.892659179919999	-4.202828874640001	-1.02891115728	0.232
jak2_round2_gen43505	-16.57423	-14.286367135589998	-4.779857356850001	-1.39655985543	0.232
jak2_round2_gen2578	-16.38707	-12.478610555620001	-5.82614763496	-0.0	0.116
jak2_round2_gen797103	-16.26274	-13.17787201863	-4.92121488481	-0.06753786183	0.116
jak2_round2_gen787330	-16.53655	-12.603518122290001	-5.8607768697000004	-0.0	0.116
jak2_round2_gen848	-16.47253	-14.365594868479999	-4.908442053630001	-0.08497305135000001	0.17400000000000002
jak2_round2_gen2437	-16.78949	-14.17690419103	-5.556449139770001	-0.0	0.17400000000000002
jak2_round2_gen795397	-17.05555	-16.442618125480003	-5.4867249539700005	-0.10817101746	0.29000000000000004
jak2_round2_gen4913	-16.26599	-12.342854067960001	-5.25740630814	-0.57029752998	0.116
jak2_round2_gen795706	-16.62097	-13.95629638476	-4.608298055400001	-0.0	0.116
jak2_round2_gen9441	-17.26784	-16.11168906623	-4.87211056963	-0.32475390237000007	0.232
jak2_round2_gen2961	-16.2189	-14.658869561930002	-4.8319586687700005	-0.51670547001	0.232
jak2_round2_gen4272	-16.15724	-12.51902922195	-5.071152043620001	-0.45672794811000006	0.116
jak2_round2_gen795817	-16.20564	-14.74084426588	-5.052106069720001	-0.20521594026	0.232
jak2_round2_gen797997	-16.27328	-15.15117560024	-4.95666403277	-0.92284904583	0.29000000000000004
jak2_round2_gen105944	-17.14063	-15.46926607515	-6.52147612832	-0.15725154591	0.29000000000000004
jak2_round2_gen9736	-16.18984	-15.016155400039999	-4.751215101790001	-0.21080248515000002	0.232
jak2_round2_gen1038	-16.62894	-13.777088545859998	-4.627918810210001	-1.1407889148300001	0.17400000000000002
jak2_round2_gen796959	-16.14327	-13.01057076612	-5.907594335390001	-0.057745253700000006	0.17400000000000002
jak2_round2_gen6794	-16.60314	-13.357962123390001	-4.99907648137	-0.18097820712	0.116
jak2_round2_gen185	-16.22468	-14.15099577666	-5.55050319082	-0.31315785651	0.232
jak2_round2_gen1216	-16.29082	-13.041189674679998	-4.72883687151	-0.42105277764	0.116
jak2_round2_gen62966	-16.78164	-15.05369892853	-4.03919095891	-0.6319198810800001	0.812
jak2_round2_gen800061	-16.37034	-14.11706902962	-4.941532109960001	-1.13633612721	0.232
jak2_round2_gen7738	-16.28515	-16.46641141988	-4.41203124069	-0.17030444049000001	0.29000000000000004
jak2_round2_gen6608	-16.79468	-14.277484538809999	-5.460296254190001	-0.0	0.17400000000000002
jak2_round2_gen6072	-16.75582	-14.224196270370001	-4.52925147733	-0.9429629571900001	0.17400000000000002
jak2_round2_gen10600	-16.34024	-13.41015877858	-5.797655825910001	-0.0	0.17400000000000002
jak2_round2_gen3077	-16.58873	-14.755818167349998	-4.74345152657	-0.0	0.17400000000000002
jak2_round2_gen587	-17.70001	-14.950308655009998	-5.7436464097	-0.10936939302000001	0.17400000000000002
jak2_round2_gen792350	-16.92202	-15.81751146553	-5.09791354821	-0.95424178599	0.29000000000000004
jak2_round2_gen617058	-17.18083	-12.757124000949998	-3.1161478757800003	-1.3163685575400002	0.29000000000000004
jak2_round2_gen7516	-16.46435	-15.429598841739999	-5.8513741694200005	-0.0	0.29000000000000004
jak2_round2_gen1551	-16.6865	-12.40365263952	-5.20700023168	-1.03415111316	0.116
jak2_round2_gen71	-16.99576	-13.818873747560001	-5.12170576057	-0.04965621867	0.116
jak2_round2_gen6792	-16.45527	-14.35434860781	-5.7691485865	-0.17848159137	0.232
jak2_round2_gen796395	-16.44886	-13.313471370230001	-4.51373204207	-0.54984877839	0.116
jak2_round2_gen3326	-16.33272	-13.839208522200002	-5.354655450660001	-0.0	0.17400000000000002
jak2_round2_gen8497	-16.23492	-12.83675269578	-5.30077684182	-0.0	0.116
jak2_round2_gen8205	-16.18197	-14.783005901189998	-4.51834186212	-0.6618733956900001	0.232
jak2_round2_gen4772	-16.4734	-14.035303594239998	-5.095990013560001	-0.23176818306000002	0.17400000000000002
jak2_round2_gen6007	-16.43116	-14.241524582170003	-5.06547893149	-0.0	0.17400000000000002
jak2_round2_gen4273	-16.90164	-15.17246712017	-5.259788896000001	-0.42568767135	0.232
jak2_round2_gen3662	-16.40743	-15.36717167566	-5.4614763260400006	-0.36657368478	0.29000000000000004
jak2_round2_gen371627	-17.2334	-15.72184097862	-3.52472452063	-0.0	0.406
jak2_round2_gen8224	-17.11915	-15.809348954279997	-5.21683708618	-0.10599161877000002	0.232
jak2_round2_gen3934	-16.31727	-14.940272090590001	-4.120313271090001	-0.11151354537000001	0.17400000000000002
jak2_round2_gen378	-16.66014	-13.154954301559998	-7.4012766796200005	-0.0	0.232
jak2_round2_gen793294	-16.21295	-13.33932727422	-4.1037112558	-0.66308939442	0.116
jak2_round2_gen2771	-17.01265	-13.976382432410002	-5.4158052659600004	-0.10101013605	0.17400000000000002
jak2_round2_gen20839	-16.34198	-14.208720709529999	-5.955837355930001	-0.0	0.232
jak2_round2_gen1207	-18.27368	-13.14638193628	-5.127540891480001	-0.0	0.406
jak2_round2_gen10114	-16.2533	-14.794503241610002	-5.253504531200001	-0.0	0.232
jak2_round2_gen103	-16.53263	-14.460536281489999	-6.360603052550001	-0.55410183675	0.29000000000000004
jak2_round2_gen6651	-16.41722	-14.255778242160002	-4.77568274309	-1.2292748514	0.232
jak2_round2_gen793428	-16.28887	-14.86830758608	-4.72150815189	-0.5145965640000001	0.232
jak2_round2_gen4975	-16.18113	-13.042191534100002	-5.972143739550001	-0.0	0.17400000000000002
jak2_round2_gen1688	-16.23387	-12.207309878180002	-5.755150444460001	-0.16220365668	0.116
jak2_round2_gen795629	-16.07863	-14.164894495339999	-5.1596721613500005	-0.51153013242	0.232
jak2_round2_gen794913	-16.25984	-14.486794591810002	-4.58858015946	-0.03283196571	0.17400000000000002
jak2_round2_gen4415	-16.09611	-13.670690334980002	-4.729096382110001	-0.51932544795	0.17400000000000002
jak2_round2_gen3669	-16.3068	-13.46445169681	-5.288948068120001	-0.41648837661000004	0.17400000000000002
jak2_round2_gen814	-16.08196	-12.43183366892	-5.524397476530001	-0.0	0.116
jak2_round2_gen19130	-16.61362	-15.631211648649998	-4.996767187720001	-0.83418100317	0.29000000000000004
jak2_round2_gen19276	-16.46049	-13.250493886450002	-5.264006644630001	-0.8294932399500001	0.17400000000000002
jak2_round2_gen495	-17.13917	-13.07201510974	-5.8152997411900005	-0.25061322618000004	0.116
jak2_round2_gen9585	-16.36544	-12.491916486090002	-5.837473168510001	-1.8566185826700001	0.232
jak2_round2_gen3526	-16.41405	-13.94825077662	-5.1122743037100005	-0.2336832342	0.17400000000000002
jak2_round2_gen794587	-16.81963	-16.14372234654	-5.5945708962200005	-0.0	0.29000000000000004
jak2_round2_gen4136	-16.57303	-13.11286477573	-5.2641781320400005	-0.1303527141	0.116
jak2_round2_gen12540	-16.32758	-12.717353459539996	-6.4700060584	-0.0	0.17400000000000002
jak2_round2_gen796834	-16.10152	-12.336250441599999	-5.63951883352	-0.0	0.116
jak2_round2_gen793786	-16.53955	-12.50337674002	-5.37629828401	-0.5951873204100001	0.116
jak2_round2_gen8507	-16.37496	-13.86682432022	-5.027221107320001	-0.35634049740000007	0.17400000000000002
jak2_round2_gen10087	-16.59636	-13.155182321059998	-5.03555280034	-0.34332284916	0.116
jak2_round2_gen2049	-16.73788	-14.253943007339998	-4.950266395100001	-0.47132580726000006	0.17400000000000002
jak2_round2_gen799332	-16.17692	-12.77033485837	-5.30150136736	-0.0	0.116
jak2_round2_gen793006	-16.79555	-14.207175865560002	-5.5288487847	-0.0	0.17400000000000002
jak2_round2_gen17529	-16.69997	-13.271241267659999	-5.37770875919	-0.0	0.116
jak2_round2_gen17497	-17.10996	-15.805578570939998	-5.13194976616	-0.17869894380000004	0.232
jak2_round2_gen3503	-16.78092	-14.39084068029	-4.098890320370001	-0.25822643562	0.116
jak2_round2_gen1969	-16.38486	-13.67852994605	-5.514066850510001	-0.0677904606	0.17400000000000002
jak2_round2_gen151082	-16.48152	-13.44199039173	-4.969690763510001	-0.0	0.464
jak2_round2_gen9709	-16.80902	-13.025225998120002	-5.02352939369	-1.21460062518	0.17400000000000002
jak2_round2_gen33813	-16.53451	-14.724716353809999	-5.6959532710800005	-0.9447428973600001	0.29000000000000004
jak2_round2_gen7446	-16.07723	-15.184776174010002	-4.20891860649	-1.3814039292300002	0.29000000000000004
jak2_round2_gen796529	-16.29964	-15.880336719679999	-5.186296195460001	-0.0	0.29000000000000004
jak2_round2_gen431	-16.28304	-15.34110804035	-5.22052248739	-0.48161186415	0.29000000000000004
jak2_round2_gen1498	-16.15767	-14.673081801250001	-6.21367130704	-0.0	0.29000000000000004
jak2_round2_gen25829	-17.83009	-14.68621896337	-6.037624225660001	-1.26617189499	0.232
jak2_round2_gen10737	-16.67421	-14.872173519430001	-5.092732804840001	-0.60573185046	0.232
jak2_round2_gen3885	-16.53108	-14.783832328830002	-5.61632069002	-0.0	0.232
jak2_round2_gen2321	-16.43711	-14.49577904857	-5.63677538565	-0.14879829870000003	0.232
jak2_round2_gen798551	-16.16468	-14.709083457240002	-5.5989152439400005	-0.587439	0.29000000000000004
jak2_round2_gen792373	-16.68036	-13.39056125126	-4.66758500542	-0.57465632736	0.116
jak2_round2_gen798120	-16.30832	-14.979244650720004	-5.09702805596	-0.9981763488000001	0.29000000000000004
jak2_round2_gen246126	-17.6581	-13.97749268118	-4.7131964482	-0.0	0.058
jak2_round2_gen10211	-16.19372	-12.710832503210002	-4.1801557140700005	-1.1898165737700002	0.116
jak2_round2_gen2530	-16.26995	-12.25446989629	-4.496830888210001	-1.4236349189400002	0.17400000000000002
jak2_round2_gen675	-16.11885	-14.06767939189	-4.63427576784	-0.24773477508	0.17400000000000002
jak2_round2_gen799527	-16.23108	-13.89548593614	-5.36543355712	-0.76688399133	0.232
jak2_round2_gen795404	-16.8873	-15.736229191439998	-5.863965693870001	-0.22120015545000002	0.29000000000000004
jak2_round2_gen5244	-16.82228	-15.81077667535	-5.9215419780700005	-0.0	0.29000000000000004
jak2_round2_gen4271	-16.3915	-15.154439757879999	-4.93823807879	-0.13569253461	0.232
jak2_round2_gen793481	-16.15195	-12.288283948239998	-4.652571966520001	-1.09512728136	0.116
jak2_round2_gen663	-16.71711	-13.695527124999998	-5.784632251380001	-0.1667151882	0.17400000000000002
jak2_round2_gen797872	-16.36826	-13.15479744328	-5.019409136880001	-0.10747783944000001	0.116
jak2_round2_gen188	-16.07436	-13.416037449430002	-5.47392476897	-0.0	0.17400000000000002
jak2_round2_gen5123	-16.19365	-14.07529014767	-5.22438954602	-0.6849421252200001	0.232
jak2_round2_gen1933	-16.61289	-14.342858211029998	-5.18177965895	-0.0	0.17400000000000002
jak2_round2_gen2761	-16.60043	-14.985995568200002	-5.660245664590001	-0.80905623714	0.29000000000000004
jak2_round2_gen1976	-17.09907	-14.980214049019999	-3.9511035926400004	-0.16766683938000002	0.116
jak2_round2_gen940	-16.17431	-14.04217203157	-4.97493919005	-0.0	0.17400000000000002
jak2_round2_gen7957	-16.19269	-12.372896732880001	-5.22139254928	-0.49327840269	0.116
jak2_round2_gen792868	-16.56298	-13.74819840584	-4.53508555617	-0.21380429844	0.116
jak2_round2_gen592	-16.17687	-13.809517612350003	-5.067904303530001	-1.0859867305200002	0.232
jak2_round2_gen291	-16.5512	-13.199557484980001	-4.98251163922	-0.30117410091	0.116
jak2_round2_gen1428	-16.52761	-14.530567687150002	-5.5507472710600005	-0.3105789993	0.232
jak2_round2_gen657	-16.26899	-15.0628504301	-5.56007737851	-0.39937627854	0.29000000000000004
jak2_round2_gen3203	-16.58493	-13.612317007009999	-5.75816322225	-0.11506167693	0.17400000000000002
jak2_round2_gen4351	-16.16186	-14.51149946783	-4.85977399681	-0.57612492486	0.232
jak2_round2_gen2195	-16.55468	-13.938763402680003	-4.368687710140001	-1.16092044936	0.17400000000000002
jak2_round2_gen2869	-16.30289	-12.026133926970001	-5.709449575730001	-0.47778763626	0.116
jak2_round2_gen1950	-16.80491	-14.488301337259998	-4.5361513030800005	-0.73441036341	0.17400000000000002
jak2_round2_gen2078	-16.49758	-13.538179013179999	-5.3826145616000005	-0.46986308415	0.17400000000000002
jak2_round2_gen124	-16.21149	-14.90478589072	-6.050283082590001	-0.0	0.29000000000000004
jak2_round2_gen795622	-16.12026	-14.074127437369999	-5.237745574670001	-0.5775112809	0.232
jak2_round2_gen43733	-16.23009	-13.752674024610002	-6.28001028227	-0.0	0.232
jak2_round2_gen204	-16.56684	-13.48959576588	-5.423655812300001	-0.56027582064	0.17400000000000002
jak2_round2_gen9050	-16.6215	-14.501197466979999	-5.03292122258	-0.0	0.17400000000000002
jak2_round2_gen7061	-16.61873	-15.136590441100001	-4.93536417424	-0.43048704798000004	0.232
jak2_round2_gen714	-17.05217	-14.917366579849997	-5.64915895093	-0.47430999738000007	0.232
jak2_round2_gen784901	-16.43788	-15.00359972432	-6.904892168430001	-0.29075293305	0.34800000000000003
jak2_round2_gen793155	-16.06145	-13.90366535152	-4.9235788861	-0.0454677786	0.17400000000000002
jak2_round2_gen792999	-16.74836	-13.86580286907	-5.826887941550001	-0.0	0.17400000000000002
jak2_round2_gen797512	-16.8474	-13.07342902093	-5.6556863439	-0.08622429642	0.116
jak2_round2_gen12029	-16.48169	-12.810628845889998	-5.60380070633	-0.0	0.116
jak2_round2_gen792402	-16.31119	-14.091308386370002	-4.835881837800001	-0.25027251156	0.17400000000000002
jak2_round2_gen2997	-16.22251	-14.757781946289999	-6.205979623270001	-0.0	0.29000000000000004
jak2_round2_gen41679	-16.68706	-12.66378419429	-6.479557801930001	-0.46836511470000003	0.17400000000000002
jak2_round2_gen795557	-16.72918	-13.918350235970003	-4.42130769257	-0.34900925868	0.116
jak2_round2_gen12543	-16.25456	-16.49647094166	-6.19150594559	-0.21938496894000004	0.406
jak2_round2_gen63186	-16.64498	-11.60577538375	-4.52835897128	-0.4985829768600001	0.464
jak2_round2_gen121	-16.19822	-14.190606540050002	-4.731471254790001	-1.0609794522900002	0.232
jak2_round2_gen9350	-17.14507	-15.002198118759999	-4.90431162681	-0.24265930212000003	0.17400000000000002
jak2_round2_gen1139	-16.64428	-13.654207330190001	-5.9059993972700005	-0.0	0.17400000000000002
jak2_round2_gen1723	-16.0726	-13.161621370960003	-4.638681837	-0.14669526708	0.116
jak2_round2_gen14679	-16.1586	-14.50602962312	-5.4392506459100005	-0.0	0.232
jak2_round2_gen329	-16.20296	-15.068577689399998	-5.728252872150001	-0.14231297214000002	0.29000000000000004
jak2_round2_gen3066	-17.58605	-14.256907327270001	-5.49344207023	-0.9231251421600001	0.17400000000000002
jak2_round2_gen799212	-16.44512	-13.288262607100002	-5.763892444780001	-0.27932137011	0.17400000000000002
jak2_round2_gen11110	-16.2739	-13.265091897560003	-4.70656735513	-1.15540439715	0.17400000000000002
jak2_round2_gen798007	-16.19877	-13.052584199939998	-5.03897237853	-0.0	0.116
jak2_round2_gen14323	-16.16308	-13.372686591199997	-5.62521734463	-0.0	0.17400000000000002
jak2_round2_gen798803	-16.62743	-14.392045167640001	-4.9317436506800005	-0.21574872153000002	0.17400000000000002
jak2_round2_gen27693	-16.42009	-14.103180292920001	-3.86378984851	-0.37321174548	0.116
jak2_round2_gen15615	-16.90372	-14.80970623731	-5.56934506314	-0.47721194604	0.232
jak2_round2_gen242	-16.23572	-14.12526050619	-5.407783232210001	-0.50577323022	0.232
jak2_round2_gen5151	-16.6351	-12.665199232879996	-5.12299594908	-0.79214974272	0.116
jak2_round2_gen10372	-16.73582	-13.610618123750001	-4.80937984381	-1.2554158869000003	0.17400000000000002
jak2_round2_gen797261	-16.13866	-14.36719608913	-5.5426589568999995	-0.0	0.232
jak2_round2_gen3929	-17.15989	-15.421419799649998	-7.756254215560001	-0.0	0.34800000000000003
jak2_round2_gen5098	-16.38751	-14.58047634043	-5.64008239235	-0.0	0.232
jak2_round2_gen1972	-16.40492	-12.036612442480001	-6.291675634430001	-0.0	0.116
jak2_round2_gen2832	-16.88902	-15.440012339899999	-4.390232350290001	-1.00852114959	0.232
jak2_round2_gen795832	-17.37208	-13.715233242490003	-5.41819767314	-0.26956400832000005	0.116
jak2_round2_gen799014	-16.28003	-13.085204332869996	-5.45146693206	-0.5981597617500001	0.17400000000000002
jak2_round2_gen719	-16.20163	-15.116642059779998	-4.87240479854	-0.0	0.232
jak2_round2_gen797335	-16.33	-13.58858641403	-4.476518572720001	-0.17102699046000003	0.116
jak2_round2_gen797117	-16.80986	-14.070639424709997	-4.60340277369	-0.0956350692	0.116
jak2_round2_gen6208	-16.20634	-13.40112685563	-5.105349228280001	-0.5382468581400001	0.17400000000000002
jak2_round2_gen36215	-16.49231	-16.87500072176	-6.004791926480001	-0.36646207137000003	0.406
jak2_round2_gen1696	-16.61605	-12.848548233749998	-5.72052261248	-0.0	0.116
jak2_round2_gen42343	-17.34828	-15.335182820170001	-3.66951179679	-0.37392842106	0.29000000000000004
jak2_round2_gen12209	-16.15066	-12.864854728899997	-5.17496925915	-0.0	0.116
jak2_round2_gen796941	-16.15648	-13.06392084275	-5.920457293900001	-0.0	0.17400000000000002
jak2_round2_gen794769	-16.24584	-14.10219413211	-4.98598311953	-0.0	0.17400000000000002
jak2_round2_gen5037	-16.18432	-14.53295647166	-4.65786773621	-0.7706847216600001	0.232
jak2_round2_gen795331	-16.87499	-13.45873428037	-5.54112538953	-0.8335583178300001	0.17400000000000002
jak2_round2_gen5750	-16.86617	-14.6832562614	-5.607753684010001	-0.5216869527300001	0.232
jak2_round2_gen795408	-16.88754	-15.035745536659999	-5.901597185700001	-0.8797486464000001	0.29000000000000004
jak2_round2_gen198	-17.39096	-16.518101411120004	-5.947820582530001	-0.01428064209	0.29000000000000004
jak2_round2_gen384	-16.28307	-13.92783981057	-5.21444958866	-0.0	0.17400000000000002
jak2_round2_gen796612	-16.18579	-14.631733059599998	-4.273446267870001	-0.12214619127000001	0.17400000000000002
jak2_round2_gen1866	-16.1941	-13.811394380719998	-5.22218545937	-0.0	0.17400000000000002
jak2_round2_gen3178	-16.70751	-15.792785514120002	-5.08592591194	-0.7145960459400001	0.29000000000000004
jak2_round2_gen13454	-16.19415	-14.918635043339998	-4.53777675123	-0.5221862758800001	0.232
jak2_round2_gen4316	-16.36801	-13.06770831285	-4.954764695730001	-0.24763491045	0.116
jak2_round2_gen795716	-16.71028	-13.976121989920001	-5.0783899345300005	-0.587439	0.17400000000000002
jak2_round2_gen32535	-16.29496	-16.30402332777	-5.572113059310001	-0.1356396651	0.34800000000000003
jak2_round2_gen795976	-16.61161	-14.572413196520001	-5.9328997751	-0.0	0.232
jak2_round2_gen564	-16.25736	-14.852856594549998	-5.067896939040001	-0.14219548434	0.232
jak2_round2_gen796939	-16.71901	-14.207141821580002	-5.45241835403	-0.0	0.17400000000000002
jak2_round2_gen63187	-16.52543	-15.35856603314	-5.07697314693	-0.9212218398	0.29000000000000004
jak2_round2_gen8010	-16.60865	-15.21812258999	-6.25033559585	-0.0	0.29000000000000004
jak2_round2_gen5730	-16.43825	-13.17093976993	-5.257433311270001	-0.9003560065200001	0.17400000000000002
jak2_round2_gen650	-16.69128	-13.052181174209998	-5.99279447089	-0.5680300154400001	0.17400000000000002
jak2_round2_gen799525	-16.21496	-14.047809135330002	-5.66364560414	-0.29163996594	0.232
jak2_round2_gen8499	-16.31401	-14.054283550919997	-6.066409211550001	-0.0	0.232
jak2_round2_gen50549	-16.36145	-15.128983847610002	-4.31634337005	-0.7516693212300001	0.232
jak2_round2_gen792819	-16.29671	-13.37285430257	-5.331032270880001	-0.45159960564	0.17400000000000002
jak2_round2_gen2898	-16.13116	-13.674305027749998	-4.968540851	-0.31808059533000005	0.17400000000000002
jak2_round2_gen2575	-16.95937	-15.02294785795	-4.67519708256	-0.23101038675000002	0.17400000000000002
jak2_round2_gen424	-16.09937	-14.326401708389998	-4.2870056967200005	-0.30970958958000006	0.17400000000000002
jak2_round2_gen17465	-16.29243	-15.096180653730002	-5.00863629077	-0.0	0.232
jak2_round2_gen1927	-16.17612	-13.583689914289998	-4.98318706816	-0.45090055323	0.17400000000000002
jak2_round2_gen240	-16.42603	-13.772496326070002	-5.39852431483	-1.0903866486300002	0.232
jak2_round2_gen215	-16.1968	-14.910039526890001	-5.06626587985	-0.01762317	0.232
jak2_round2_gen91935	-16.1765	-13.86839030423	-5.886214519540001	-0.20678440239	0.406
jak2_round2_gen314	-17.39954	-14.10700733106	-5.16166057365	-0.16390135539	0.116
jak2_round2_gen7538	-16.57011	-14.80932627347	-4.92724815557	-0.7063542767700001	0.232
jak2_round2_gen935	-16.3369	-13.86379855134	-5.1603226913	-1.1255742447300001	0.232
jak2_round2_gen799364	-16.20213	-14.79380463226	-6.14522398353	-0.0	0.29000000000000004
jak2_round2_gen1749	-16.23761	-12.017418048869999	-5.219851617420001	-0.8967491310600001	0.116
jak2_round2_gen9257	-16.52522	-13.401593403389999	-6.025363051190001	-0.0	0.17400000000000002
jak2_round2_gen3301	-16.36353	-15.303488625670001	-4.81622320847	-0.06694454844000002	0.232
jak2_round2_gen7570	-16.12167	-14.22850361983	-5.5958375885	-0.06299108397000001	0.232
jak2_round2_gen793016	-16.10443	-12.631526871599998	-6.247618099040001	-0.04144969584	0.17400000000000002
jak2_round2_gen1632	-16.4021	-14.612348775000001	-5.78281392373	-0.7988054265900001	0.29000000000000004
jak2_round2_gen16706	-16.3278	-14.17554101691	-5.0146180101	-0.0	0.17400000000000002
jak2_round2_gen1437	-16.46494	-13.80459260567	-4.489425718170001	-0.09243940104000001	0.116
jak2_round2_gen20596	-16.14318	-13.6763279569	-4.34677624825	-0.0	0.116
jak2_round2_gen41917	-16.90797	-13.29613904171	-4.593411966280001	-0.0	0.87
jak2_round2_gen795725	-16.08386	-14.14642151397	-4.59490274947	-1.1036392724700002	0.232
jak2_round2_gen793257	-16.19366	-12.688333489999998	-5.124571248560001	-0.26882970957	0.116
jak2_round2_gen390	-16.09567	-12.830715467550002	-5.15266572584	-0.0	0.116
jak2_round2_gen3202	-16.22969	-14.26334091894	-4.5693079905100005	-0.24224222043000002	0.17400000000000002
jak2_round2_gen813	-16.58597	-13.276707729319998	-6.01601014889	-0.20430540981	0.17400000000000002
jak2_round2_gen1192	-17.40229	-13.396214560959999	-7.01657921825	-1.0594697340600001	0.232
jak2_round2_gen7812	-16.62626	-15.290914306599998	-7.168149540390001	-0.0	0.34800000000000003
jak2_round2_gen118513	-16.31345	-16.451743804430002	-5.349346004060001	-0.23226750621000003	0.34800000000000003
jak2_round2_gen1313	-16.23414	-13.439678938059998	-6.006346184560001	-0.587439	0.232
jak2_round2_gen16675	-18.3315	-15.77982795652	-6.846782835430001	-0.0	0.232
jak2_round2_gen13734	-16.25403	-14.270659283	-4.746477981270001	-0.08717594760000001	0.17400000000000002
jak2_round2_gen798062	-16.39741	-15.06542017375	-5.92040784661	-0.20659642191000002	0.29000000000000004
jak2_round2_gen522	-16.49712	-12.902563237999999	-5.5208390251	-0.0	0.116
jak2_round2_gen1271	-16.68707	-13.314888311140002	-5.167220412910001	-1.13418022608	0.17400000000000002
jak2_round2_gen7966	-16.64907	-15.017508862939998	-4.528509066600001	-0.99019892718	0.232
jak2_round2_gen795074	-16.12512	-13.407874667589997	-5.463774397610001	-0.08550174645000001	0.17400000000000002
jak2_round2_gen1714	-16.95662	-16.16843954934	-4.71101831261	-0.04491558594	0.232
jak2_round2_gen7319	-16.49675	-13.0760569618	-5.35176611575	-0.0	0.116
jak2_round2_gen2658	-17.11839	-13.878311942310003	-6.251502341480001	-0.0	0.17400000000000002
jak2_round2_gen7001	-16.626	-14.40383158	-4.48154010283	-0.66852907956	0.17400000000000002
jak2_round2_gen794985	-16.47788	-15.02847828958	-5.95333518278	-0.3055270239	0.29000000000000004
jak2_round2_gen4331	-16.07625	-13.847771923180002	-5.050505520560001	-0.0	0.17400000000000002
jak2_round2_gen21513	-16.79664	-16.60008178243	-4.98693313874	-0.12097718766000001	0.29000000000000004
jak2_round2_gen1748	-16.18799	-13.094204702399999	-4.99136165206	-0.0	0.116
jak2_round2_gen1515	-16.95048	-13.99588010222	-5.4559473474999995	-0.47287664622000003	0.17400000000000002
jak2_round2_gen4800	-16.06976	-15.45061367444	-4.95112137732	-0.36568665189000005	0.29000000000000004
jak2_round2_gen795155	-16.15551	-12.90687331963	-5.50341078417	-0.57232419453	0.17400000000000002
jak2_round2_gen6612	-16.47137	-14.74170874983	-4.615901365290001	-0.0	0.17400000000000002
jak2_round2_gen5007	-16.26975	-12.85431645992	-5.290838988600001	-0.9724347718200002	0.17400000000000002
jak2_round2_gen11557	-16.72911	-14.785407581869999	-4.697111700660001	-0.18012054618	0.17400000000000002
jak2_round2_gen49	-16.2801	-15.00288518531	-5.6843720845200005	-0.35352666459	0.29000000000000004
jak2_round2_gen9651	-16.24482	-13.66210687545	-4.32164790699	-1.11588150123	0.17400000000000002
jak2_round2_gen369	-16.44428	-13.972372456050001	-4.16482495003	-0.22194620298	0.116
jak2_round2_gen795883	-16.44752	-14.52683098049	-5.683256188940001	-1.0404014641200001	0.29000000000000004
jak2_round2_gen7600	-18.34137	-15.945358343750001	-5.366864372320001	-0.24465072033000002	0.17400000000000002
jak2_round2_gen975	-16.18467	-14.37578690574	-4.36165181667	-0.29292645735	0.17400000000000002
jak2_round2_gen6806	-16.11819	-13.994538104050001	-4.38724201666	-0.56012896089	0.17400000000000002
jak2_round2_gen794829	-16.73395	-17.05430892782	-5.543506223940001	-0.0	0.34800000000000003
jak2_round2_gen793164	-16.13558	-13.62707265813	-5.30218135527	-0.034235944920000004	0.17400000000000002
jak2_round2_gen148	-16.06995	-13.15844631322	-4.28441199348	-0.5019490023300001	0.116
jak2_round2_gen4973	-16.21132	-15.814889290249997	-4.1788991918	-0.00237912795	0.232
jak2_round2_gen3529	-16.21718	-15.781948824519999	-4.79406451013	-0.38406174381	0.29000000000000004
jak2_round2_gen62389	-17.11396	-13.233946007340002	-5.88394239903	-0.0	0.116
jak2_round2_gen793696	-16.77774	-14.56866140439	-5.116495208550001	-0.042219240930000006	0.17400000000000002
jak2_round2_gen10578	-16.15991	-13.6890043896	-4.6203491665600005	-0.69267869685	0.17400000000000002
jak2_round2_gen183	-16.4515	-15.372943046979998	-4.83760582984	-0.08620667325	0.232
jak2_round2_gen23555	-16.25868	-14.458488775459998	-4.04751353399	-0.60589045899	0.17400000000000002
jak2_round2_gen796156	-16.30081	-14.62761957276	-4.534530413900001	-0.0	0.17400000000000002
jak2_round2_gen16930	-16.37259	-16.13857269609	-4.433976018130001	-0.587439	0.29000000000000004
jak2_round2_gen795926	-16.20216	-14.128842071000001	-4.907654754580001	-0.0	0.17400000000000002
jak2_round2_gen799735	-16.47005	-15.18305268542	-5.87582112001	-0.22293897489000003	0.29000000000000004
jak2_round2_gen2181	-17.16841	-14.03854315498	-6.1400169384100005	-0.0	0.17400000000000002
jak2_round2_gen703	-16.1182	-12.930715849830001	-4.96562626641	-0.10051081290000001	0.116
jak2_round2_gen10640	-16.47928	-12.651973170799998	-4.70526173626	-1.04711589189	0.116
jak2_round2_gen1653	-16.15686	-14.973336117900002	-4.515565098700001	-0.44662399731	0.232
jak2_round2_gen72291	-17.33016	-15.343635861720001	-4.742921984670001	-0.28410899796000005	0.34800000000000003
jak2_round2_gen112626	-16.20342	-13.139962243380001	-4.951914287410001	-0.0	0.34800000000000003
jak2_round2_gen7279	-16.64765	-15.848383786939998	-5.5368104997700005	-0.1329961896	0.29000000000000004
jak2_round2_gen2777	-16.49337	-15.273916864300002	-5.87271576006	-0.16654483089	0.29000000000000004
jak2_round2_gen1440	-16.24725	-14.639447056849999	-6.35144864079	-0.0	0.29000000000000004
jak2_round2_gen2159	-17.19656	-14.853721828710002	-4.841528648180001	-1.5320467863900002	0.232
jak2_round2_gen2501	-16.57616	-12.249440375899999	-5.22632009447	-1.0352554984800002	0.116
jak2_round2_gen1330	-16.1836	-14.12594052882	-4.872717614020001	-0.021118432050000004	0.17400000000000002
jak2_round2_gen7386	-16.34629	-13.91796841451	-5.28109997661	-0.0	0.17400000000000002
jak2_round2_gen3168	-16.05102	-14.63656469867	-5.53694165783	-0.56992156902	0.29000000000000004
jak2_round2_gen4239	-16.2076	-14.80690562214	-4.65747811962	-0.53130920355	0.232
jak2_round2_gen17657	-16.61232	-15.984282649659999	-5.48771389977	-0.0	0.29000000000000004
jak2_round2_gen6389	-16.26545	-13.63128411277	-4.3917504873	-1.09825833123	0.17400000000000002
jak2_round2_gen10308	-16.23546	-13.899435076119998	-5.1858879923000005	-0.0	0.17400000000000002
jak2_round2_gen628	-16.29907	-14.167599853870001	-4.950167851210001	-0.99088035642	0.232
jak2_round2_gen793455	-16.06499	-15.177654995169997	-5.1204562521	-0.4589895882600001	0.29000000000000004
jak2_round2_gen981	-16.33123	-14.336085068310002	-4.725322256330001	-0.12776798250000002	0.17400000000000002
jak2_round2_gen561	-16.20679	-14.791846037500001	-5.2031054685400004	-0.0	0.232
jak2_round2_gen7286	-16.15676	-13.872663741039998	-6.06624859553	-0.0	0.232
jak2_round2_gen963	-17.45319	-16.48059866766	-4.79505380662	-0.26632721943000004	0.232
jak2_round2_gen128	-16.41711	-14.55310641989	-4.38088786455	-0.35102417445000006	0.17400000000000002
jak2_round2_gen3121	-16.39146	-13.702603458539997	-4.24266725864	-1.3173260831100002	0.17400000000000002
jak2_round2_gen3374	-16.85161	-15.636140509449998	-5.15473023787	-0.0	0.232
jak2_round2_gen6567	-16.05905	-15.096102522719999	-4.60230230847	-1.04981811129	0.29000000000000004
jak2_round2_gen35167	-16.19224	-14.77863902359	-4.681568418480001	-0.51915509064	0.232
jak2_round2_gen6317	-16.2635	-14.106253885900003	-4.435866237230001	-0.57952032228	0.17400000000000002
jak2_round2_gen5113	-16.239	-14.541341944719997	-5.11748275159	-0.3746803429800001	0.232
jak2_round2_gen5754	-16.39496	-13.076522947459999	-4.73368270593	-0.50552063145	0.116
jak2_round2_gen2208	-16.17266	-13.22869630863	-5.666834779000001	-0.11292339897000002	0.17400000000000002
jak2_round2_gen2342	-16.62963	-13.68968142569	-6.82349210977	-0.0	0.232
jak2_round2_gen3134	-16.57924	-15.211441926470002	-6.106980888340001	-0.10536305904	0.29000000000000004
jak2_round2_gen1336	-16.07991	-14.173743880639998	-4.72609517709	-0.0	0.17400000000000002
jak2_round2_gen502	-16.27617	-15.138509578730002	-5.65758813577	-0.23703163650000003	0.29000000000000004
jak2_round2_gen5488	-16.49782	-13.25595179004	-5.068899912440001	-0.09194595228	0.116
jak2_round2_gen8092	-16.19809	-14.922846704080001	-5.05718932127	-0.0	0.232
jak2_round2_gen1017	-16.09578	-14.229366606199997	-4.6900957965200005	-0.0	0.17400000000000002
jak2_round2_gen4617	-17.30301	-14.179576420609997	-6.12909750388	-1.0397729043900001	0.232
jak2_round2_gen8409	-16.39335	-15.281900965539998	-4.946818060330001	-0.0	0.232
jak2_round2_gen3550	-16.46778	-15.074348685629996	-5.5067795123100005	-0.70060912335	0.29000000000000004
jak2_round2_gen797113	-16.62936	-13.577711116780002	-4.999286895370001	-0.0	0.116
jak2_round2_gen4483	-16.5027	-13.698627341129999	-5.250284144930001	-1.41565749732	0.232
jak2_round2_gen3494	-16.42834	-14.694381149509999	-4.611323808720001	-0.0	0.17400000000000002
jak2_round2_gen796913	-16.37629	-13.31262456376	-4.74609678124	-0.23167419282	0.116
jak2_round2_gen4342	-16.44156	-14.830292802880003	-5.45970008119	-0.0	0.232
jak2_round2_gen2375	-16.28791	-14.479729066720001	-5.02782885309	-0.5874037536600001	0.232
jak2_round2_gen1841	-16.40064	-14.363417458359999	-4.40907001433	-0.50515641927	0.17400000000000002
jak2_round2_gen10188	-16.70135	-12.717400316480001	-5.93650381623	-0.0	0.116
jak2_round2_gen795560	-16.77509	-13.888004863379997	-4.59185209716	-0.25469005284	0.116
jak2_round2_gen6610	-16.47636	-13.26040615586	-5.136347418760001	-0.0	0.116
jak2_round2_gen797263	-16.55837	-14.86748523892	-5.566224623520001	-0.0	0.232
jak2_round2_gen797255	-16.13613	-14.368076326340002	-5.54797331316	-0.0	0.232
jak2_round2_gen2158	-17.08786	-12.836886671949998	-5.945289302110001	-0.31107244806	0.116
jak2_round2_gen201	-16.2173	-13.986482927680001	-5.080537560090001	-0.0	0.17400000000000002
jak2_round2_gen2617	-16.13076	-13.160161435710002	-4.659474597790001	-0.19277398224000003	0.116
jak2_round2_gen1041	-17.50003	-15.44133456357	-6.1471699623400005	-0.0	0.232
jak2_round2_gen795720	-16.15669	-14.654827362650002	-4.83226482114	-0.44388653157	0.232
jak2_round2_gen799843	-16.2534	-13.702961600110001	-4.94891378377	-0.45099454347000006	0.17400000000000002
jak2_round2_gen799803	-16.47419	-11.69301267717	-4.669267616040001	-1.0864155609900001	0.058
jak2_round2_gen1291	-16.164	-14.288208450499997	-4.56519264336	-0.14984981451	0.17400000000000002
jak2_round2_gen1262	-16.1075	-15.259928167910001	-5.5338142044100005	-0.0194442309	0.29000000000000004
jak2_round2_gen31887	-16.30514	-13.0729313529	-5.86930529981	-0.7062544121400001	0.232
jak2_round2_gen261	-16.84122	-13.00868079736	-5.804376098380001	-0.0	0.116
jak2_round2_gen2523	-16.30179	-14.108267196129997	-4.57796372109	-0.0	0.17400000000000002
jak2_round2_gen795690	-16.12713	-13.335602800110001	-4.670084373050001	-0.0	0.116
jak2_round2_gen794938	-16.19168	-14.571430946409999	-4.455225026610001	-0.0	0.17400000000000002
jak2_round2_gen798550	-16.23006	-12.40938847276	-5.3250733464	-0.39943502244	0.116
jak2_round2_gen798548	-16.64933	-12.880985549310001	-5.599510715560001	-0.12124740960000001	0.116
jak2_round2_gen3650	-16.74887	-14.85485862434	-4.56151916561	-0.26216227692000005	0.17400000000000002
jak2_round2_gen221683	-16.60207	-14.173129438570001	-3.8850984742900003	-0.0	0.754
jak2_round2_gen137	-16.0692	-13.98627712907	-4.867460069540001	-0.0348351327	0.17400000000000002
jak2_round2_gen795729	-16.25853	-12.94675552097	-5.221397809630001	-0.0	0.116
jak2_round2_gen2056	-16.22185	-13.6499451695	-5.4897468497	-0.87397412103	0.232
jak2_round2_gen2625	-16.52434	-14.51880519294	-4.8106121684700005	-0.09984700683000002	0.17400000000000002
jak2_round2_gen904	-17.26531	-13.68035148876	-5.411806347890001	-0.18579520692	0.116
jak2_round2_gen5263	-16.87499	-14.169406224480001	-5.096699459430001	-0.5789093857200001	0.17400000000000002
jak2_round2_gen794451	-16.30402	-13.551434219159999	-4.35247741558	-0.30332412765	0.116
jak2_round2_gen220	-16.45155	-13.583270171529998	-4.78047457125	-0.00545143392	0.116
jak2_round2_gen4974	-16.85165	-14.418139544260002	-5.39122610524	-0.0	0.17400000000000002
jak2_round2_gen25396	-16.9306	-13.22734446844	-5.13556082109	-0.5523453941400001	0.116
jak2_round2_gen3919	-16.41983	-14.509465857110001	-4.18145011086	-0.60449822856	0.17400000000000002
jak2_round2_gen87815	-16.43026	-13.59842612641	-2.83162851981	-0.0	0.17400000000000002
jak2_round2_gen9106	-16.29812	-13.99450173381	-4.21101748614	-0.9525323385000001	0.17400000000000002
jak2_round2_gen7209	-16.2305	-13.854627073660001	-5.888949200160001	-0.27993230667	0.232
jak2_round2_gen4457	-16.0694	-14.34417837941	-4.545703046610001	-0.0	0.17400000000000002
jak2_round2_gen12219	-16.94881	-13.225426642070001	-5.22439129947	-0.48729239928000007	0.116
jak2_round2_gen22745	-16.28947	-15.352024278500002	-5.500874594090001	-0.19985849658000002	0.29000000000000004
jak2_round2_gen1556	-16.25947	-13.77331574504	-4.936790079780001	-0.40852857816	0.17400000000000002
jak2_round2_gen839	-16.40997	-13.06353910141	-5.66327773033	-0.56292517053	0.17400000000000002
jak2_round2_gen14161	-17.6388	-14.251831346080001	-4.416587054480001	-0.0	0.34800000000000003
jak2_round2_gen892	-16.80018	-13.78088417181	-4.98690894113	-0.0	0.116
jak2_round2_gen796645	-16.28086	-13.258285744899998	-5.33019447247	-0.55328529654	0.17400000000000002
jak2_round2_gen390483	-16.57572	-16.06327993608	-3.5536518866600004	-0.8345922104700001	0.5800000000000001
jak2_round2_gen797063	-16.12643	-13.29399633651	-5.666368711990001	-0.0	0.17400000000000002
jak2_round2_gen5716	-16.35136	-14.41879912734	-3.8465888547000002	-0.0	0.116
jak2_round2_gen6695	-16.13273	-13.81164366442	-4.791096269970001	-0.35958316068	0.17400000000000002
jak2_round2_gen1783	-16.74926	-14.938793353310002	-5.725401762450001	-0.0	0.232
jak2_round2_gen794044	-16.04637	-14.200361771249998	-4.410408948750001	-0.2488391604	0.17400000000000002
jak2_round2_gen1125	-16.74965	-12.13009354938	-5.51874260028	-1.07155922868	0.116
jak2_round2_gen796347	-16.61417	-13.34800576414	-4.56331785462	-0.6381761064300001	0.116
jak2_round2_gen2034	-16.27132	-13.932860795149999	-4.8422152992	-0.34634228562	0.17400000000000002
jak2_round2_gen3750	-16.40863	-12.819185215959997	-5.3700651199500005	-0.14389905744	0.116
jak2_round2_gen6660	-16.60166	-13.408630984130001	-6.1128002382	-0.0	0.17400000000000002
jak2_round2_gen796220	-16.87197	-14.96394999439	-5.672753724820001	-0.17871069258	0.232
jak2_round2_gen4632	-16.71152	-15.804528741660002	-4.675868303220001	-0.143335116	0.232
jak2_round2_gen631	-16.39874	-14.31237745559	-4.87079337799	-0.08919673776	0.17400000000000002
jak2_round2_gen11162	-16.59652	-14.04585303515	-6.43419920664	-0.0	0.232
jak2_round2_gen459	-17.13207	-14.32081823799	-5.81681156578	-0.0	0.17400000000000002
jak2_round2_gen1018	-16.31292	-15.43382495819	-4.8497691618	-0.7963088108400002	0.29000000000000004
jak2_round2_gen267628	-17.52178	-14.78702376384	-5.55112952316	-0.25161774687	0.9860000000000001
jak2_round2_gen799550	-16.9592	-14.852002056279998	-5.94414429926	-0.12467217897	0.232
jak2_round2_gen232260	-17.40258	-15.0511842051	-3.3176115656000005	-0.058444306110000004	0.522
jak2_round2_gen1852	-16.46965	-12.38678443154	-4.970127723250001	-1.04332103595	0.116
jak2_round2_gen783499	-16.94867	-16.19505473947	-6.698624376300001	-0.0	0.34800000000000003
jak2_round2_gen801	-16.9119	-12.93477804455	-4.326743082	-1.1384861539500002	0.29000000000000004
jak2_round2_gen3736	-16.23905	-13.55383068889	-5.14973465882	-0.37806399162000004	0.17400000000000002
jak2_round2_gen20897	-16.18402	-12.946081105459996	-5.32735914382	-0.74996574813	0.17400000000000002
jak2_round2_gen4855	-16.80294	-15.417375217219998	-7.28231246161	-0.0	0.34800000000000003
jak2_round2_gen1885	-16.06035	-14.14082820929	-5.678493818740001	-0.0	0.232
jak2_round2_gen4152	-16.15734	-13.60480817598	-4.59528500157	-0.7870096514700001	0.17400000000000002
jak2_round2_gen3641	-16.56096	-14.53220024845	-4.4793444327400005	-0.45377900433	0.17400000000000002
jak2_round2_gen2779	-16.32622	-13.68752967868	-5.305779083980001	-0.19802568690000003	0.17400000000000002
jak2_round2_gen9970	-16.06271	-13.311716202429999	-6.52074143277	-0.0	0.232
jak2_round2_gen1241	-16.45682	-14.68818861934	-4.49747896333	-0.16390135539	0.17400000000000002
jak2_round2_gen6085	-16.77544	-14.79958445809	-4.64336319781	-0.28104844077	0.17400000000000002
jak2_round2_gen797787	-16.1907	-13.414573864809999	-4.48390761102	-0.18756339831000002	0.116
jak2_round2_gen2073	-16.37414	-13.957046233129999	-6.220750686070001	-0.037531477710000004	0.232
jak2_round2_gen18831	-17.20126	-13.759879985920001	-6.414886006960001	-0.04603172004	0.232
jak2_round2_gen5135	-16.44411	-14.9259395329	-5.365576989330001	-0.0	0.232
jak2_round2_gen21608	-17.03513	-16.33775800043	-4.5190548148900005	-0.65212778268	0.29000000000000004
jak2_round2_gen6904	-17.10723	-14.178132039149999	-5.45308501572	-0.47877453378	0.17400000000000002
jak2_round2_gen4657	-16.21456	-14.143891606430003	-4.43244525628	-0.4836796494300001	0.17400000000000002
jak2_round2_gen27703	-16.7349	-15.86896529058	-7.71309655071	-0.0	0.406
jak2_round2_gen796768	-16.05824	-13.912284854529998	-4.7368711794100005	-0.22847265027000002	0.17400000000000002
jak2_round2_gen284	-16.48834	-15.225510014209998	-6.085850413080001	-0.0	0.29000000000000004
jak2_round2_gen2927	-16.5047	-13.854393254699998	-3.8944394531300004	-0.6821282924100001	0.116
jak2_round2_gen7721	-16.33403	-13.411171125520001	-4.454504709350001	-0.3740224113000001	0.116
jak2_round2_gen11242	-16.82139	-15.8301315626	-5.90696519753	-0.0	0.29000000000000004
jak2_round2_gen797260	-16.52515	-14.766654347499998	-5.62895710279	-0.0	0.232
jak2_round2_gen19178	-16.44584	-14.17973844055	-4.61091490418	-0.53779453011	0.17400000000000002
jak2_round2_gen449137	-17.97027	-16.03787846432	-5.08294048797	-0.0	0.232
jak2_round2_gen799187	-16.37502	-14.06565447031	-4.98370714143	-0.18863841168000003	0.17400000000000002
jak2_round2_gen5602	-16.42187	-13.835630775939997	-4.45632549183	-0.52183381248	0.17400000000000002
jak2_round2_gen4472	-16.16388	-16.127760154140002	-5.70401212728	-0.0	0.34800000000000003
jak2_round2_gen1447	-16.06402	-14.761271794019999	-5.767623786380001	-0.22284498465000002	0.29000000000000004
jak2_round2_gen792881	-16.57057	-13.73143660214	-5.58399899548	-1.1322710493300001	0.232
jak2_round2_gen14	-16.31415	-14.543311438230003	-5.58644646099	-0.0	0.232
jak2_round2_gen799844	-16.09445	-13.635694191389998	-5.293805826000001	-0.0	0.17400000000000002
jak2_round2_gen57192	-16.53111	-13.008349224970003	-5.309453263110001	-1.10771022474	0.17400000000000002
jak2_round2_gen1119	-16.35317	-13.49973917214	-5.732551980860001	-0.0	0.17400000000000002
jak2_round2_gen800012	-16.08856	-14.085976409199997	-4.8130897933200005	-0.0	0.17400000000000002
jak2_round2_gen1356	-16.14243	-14.239139812870002	-5.68348834572	-0.0	0.232
jak2_round2_gen797256	-16.29084	-14.531474256509998	-5.570825676320001	-0.0	0.232
jak2_round2_gen799	-16.41128	-13.459627737609999	-5.76550070912	-0.06172809012000001	0.17400000000000002
jak2_round2_gen1406	-16.19194	-14.173793744349997	-4.74974465862	-0.1065026907	0.17400000000000002
jak2_round2_gen797486	-16.8538	-12.65774822996	-5.849391718850001	-0.32587591086	0.116
jak2_round2_gen2652	-16.11868	-15.40597397519	-5.44535686019	-0.9254220286500001	0.34800000000000003
jak2_round2_gen793935	-16.08375	-14.464567912469999	-5.3764024389400005	-0.0	0.232
jak2_round2_gen4264	-16.59633	-14.91926489589	-5.55892080289	-0.0	0.232
jak2_round2_gen2378	-16.95503	-13.912085973929997	-5.20045425214	-0.8141845796100001	0.17400000000000002
jak2_round2_gen5285	-16.40087	-16.81375111308	-4.80355032394	-0.53684287893	0.34800000000000003
jak2_round2_gen2345	-16.17596	-13.226514037250002	-4.214042888770001	-1.57137582744	0.17400000000000002
jak2_round2_gen2512	-16.7994	-14.482036620370003	-5.02243944917	-0.24166653021	0.17400000000000002
jak2_round2_gen1059	-16.28032	-13.871642260529999	-5.26817705011	-0.0	0.17400000000000002
jak2_round2_gen3188	-16.70329	-14.21290916404	-5.197193185830001	-0.22280386392	0.17400000000000002
jak2_round2_gen8471	-16.1928	-12.87780761524	-4.612218068220001	-0.587439	0.116
jak2_round2_gen796076	-16.57681	-14.005537762460001	-5.243535466570001	-0.23643244872000002	0.17400000000000002
jak2_round2_gen780	-17.16409	-15.33366833112	-4.6008662329200005	-0.23508133902	0.17400000000000002
jak2_round2_gen907	-16.25173	-14.0086535678	-4.88858914204	-0.20905191693000003	0.17400000000000002
jak2_round2_gen2540	-16.19008	-13.051599902859998	-4.45603301637	-0.57588407487	0.116
jak2_round2_gen799866	-16.28966	-12.05614065388	-5.268463914530001	-0.86812910298	0.116
jak2_round2_gen8973	-16.26717	-15.571932258519997	-5.45574008971	-0.0	0.29000000000000004
jak2_round2_gen796614	-16.49414	-14.617703203339998	-4.23474937982	-0.53410541319	0.17400000000000002
jak2_round2_gen9091	-16.63425	-13.798954093979999	-5.135516984840001	-0.6132510696600001	0.17400000000000002
jak2_round2_gen4701	-16.99809	-14.387396918139999	-5.15819715921	-0.43135058331000004	0.17400000000000002
jak2_round2_gen797774	-16.08571	-14.81107189947	-5.0419157197	-0.0	0.232
jak2_round2_gen797257	-16.32373	-14.600902628250001	-5.54405084551	-0.0	0.232
jak2_round2_gen4915	-16.38108	-16.18739068242	-4.51212798601	-0.46973384757000003	0.29000000000000004
jak2_round2_gen793083	-16.53964	-13.521333207040001	-5.83706005569	-0.06713840331000001	0.17400000000000002
jak2_round2_gen23790	-16.18252	-15.19635661408	-4.77122301836	-0.0	0.232
jak2_round2_gen14997	-16.20053	-12.492039737840003	-5.963999314990001	-0.587439	0.17400000000000002
jak2_round2_gen6216	-16.2187	-16.30628087261	-5.5974896890900006	-0.0	0.34800000000000003
jak2_round2_gen9950	-16.12177	-13.52413272878	-4.342191677880001	-1.07561843217	0.17400000000000002
jak2_round2_gen1335	-16.17851	-13.476268991520001	-5.69831586961	-0.7854176917800001	0.232
jak2_round2_gen800085	-16.23648	-15.251239270880001	-4.7752790989000005	-0.0	0.232
jak2_round2_gen2515	-17.04974	-14.494045745649998	-4.460198512190001	-0.09101779866000001	0.116
jak2_round2_gen799920	-16.0893	-13.711906472029998	-5.15410530829	-0.03516997293	0.17400000000000002
jak2_round2_gen24230	-16.1724	-14.263723591959998	-4.1710756485900005	-0.5619382730100001	0.17400000000000002
jak2_round2_gen2130	-16.824	-14.56125425969	-4.72170313553	-0.0	0.17400000000000002
jak2_round2_gen1444	-16.70866	-14.159679896870001	-5.47418217543	-0.0	0.17400000000000002
jak2_round2_gen345	-16.27696	-13.92744981838	-5.2050283018100005	-0.0	0.17400000000000002
jak2_round2_gen456	-16.13993	-15.16328575332	-4.504948660330001	-0.25031950668	0.232
jak2_round2_gen798105	-16.58774	-16.054822604139996	-6.354430207170001	-0.0	0.34800000000000003
jak2_round2_gen799542	-16.33184	-14.19928031627	-5.673528048340001	-0.284320476	0.232
jak2_round2_gen797027	-16.06449	-13.928996908519997	-4.62420289897	-0.3243368206800001	0.17400000000000002
jak2_round2_gen2168	-16.53892	-14.885395769960002	-5.67379492343	-0.8168515526700001	0.29000000000000004
jak2_round2_gen795616	-16.99124	-14.25180005757	-5.72118226037	-0.0	0.17400000000000002
jak2_round2_gen795707	-16.2072	-13.24545024752	-4.853302363550001	-0.0	0.116
jak2_round2_gen1905	-16.44087	-14.676465953610002	-4.221029334950001	-0.4312389699	0.17400000000000002
jak2_round2_gen317	-16.39192	-15.424104474229997	-4.6867845815399996	-0.11413352331	0.232
jak2_round2_gen3428	-16.18822	-14.47477503249	-6.44837374575	-0.0	0.29000000000000004
jak2_round2_gen2544	-17.32032	-14.54098398898	-5.720248022210001	-0.09095905476	0.17400000000000002
jak2_round2_gen5290	-16.14771	-14.092164775730001	-4.69237773635	-0.18305774118	0.17400000000000002
jak2_round2_gen1404	-16.98422	-14.09755725557	-5.871342458020001	-0.0	0.17400000000000002
jak2_round2_gen656	-16.49393	-13.624950651390002	-4.79753563975	-0.0	0.116
jak2_round2_gen3667	-16.39159	-13.31381397059	-3.8914915529900007	-1.09681910568	0.116
jak2_round2_gen3640	-16.17937	-14.14219970512	-4.87528711965	-0.9470632814100001	0.232
jak2_round2_gen799872	-16.75048	-13.6262932943	-5.083979231750001	-0.97842077523	0.17400000000000002
jak2_round2_gen21943	-16.5337	-14.79293695702	-4.642972178460001	-0.0	0.17400000000000002
jak2_round2_gen22130	-17.57453	-13.49683975606	-5.5376230485	-0.587439	0.116
jak2_round2_gen793211	-16.42068	-14.35456658804	-5.915172044910001	-0.0	0.232
jak2_round2_gen6261	-16.34528	-13.79225059515	-5.366211036850001	-0.05171812956	0.17400000000000002
jak2_round2_gen16420	-16.92015	-12.50301802227	-4.718345278780001	-1.6790651449200003	0.116
jak2_round2_gen11888	-16.19054	-14.637416984080001	-4.3357751029500005	-1.00101367917	0.232
jak2_round2_gen799912	-17.11781	-15.923490732720001	-5.8814710866	-0.31447371987	0.29000000000000004
jak2_round2_gen5083	-17.30198	-13.651407007100003	-4.66297623744	-0.0	0.058
jak2_round2_gen1608	-18.26585	-13.11746833334	-6.74406187684	-0.0	0.17400000000000002
jak2_round2_gen792644	-16.51984	-13.241737479220001	-5.21597438878	-0.0	0.116
jak2_round2_gen3884	-16.25708	-14.12535457776	-5.800532535980001	-1.08552265371	0.29000000000000004
jak2_round2_gen9960	-16.56514	-15.78999660866	-4.65052779451	-0.0	0.232
jak2_round2_gen7188	-16.23213	-13.622300376490003	-4.981861810650001	-1.4257027042200001	0.232
jak2_round2_gen2810	-16.16117	-11.58115128035	-6.46302241774	-0.0	0.116
jak2_round2_gen256	-16.91369	-14.107098262689997	-5.66317743299	-0.11699435124000002	0.17400000000000002
jak2_round2_gen6516	-16.87397	-13.847836711049998	-5.989184117340001	-0.0	0.17400000000000002
jak2_round2_gen5542	-17.04308	-16.15625533328	-5.675407396050001	-1.19797610148	0.34800000000000003
jak2_round2_gen798774	-16.77723	-12.643991480239999	-5.15156526062	-0.9443610620100001	0.116
jak2_round2_gen7002	-17.2259	-16.60038000133	-6.46220636211	-0.19961764659	0.34800000000000003
jak2_round2_gen3538	-16.35377	-13.74513303196	-4.531931801000001	-0.9477153387	0.17400000000000002
jak2_round2_gen3617	-16.18446	-11.857642421569999	-6.009501342490001	-1.1581771092300002	0.17400000000000002
jak2_round2_gen2368	-16.5554	-13.783944937489998	-5.686378732700001	-0.0	0.17400000000000002
jak2_round2_gen83424	-16.09421	-14.347925403550002	-4.57157695481	-0.0	0.17400000000000002
jak2_round2_gen2388	-16.147	-13.060254429470001	-4.623168012780001	-0.34623654660000003	0.116
jak2_round2_gen2413	-16.84835	-14.442661539460001	-5.3292760153600005	-1.0196942393700001	0.232
jak2_round2_gen652	-16.09559	-14.6781506078	-5.117296535200001	-1.0066413447900002	0.29000000000000004
jak2_round2_gen28898	-16.42781	-15.874982868550001	-6.3098669768	-0.0	0.34800000000000003
jak2_round2_gen799929	-16.23613	-12.698077636819997	-5.16113488934	-0.26987535099	0.116
jak2_round2_gen1792	-17.15287	-14.41632135081	-4.73745086998	-1.00983701295	0.17400000000000002
jak2_round2_gen552	-16.10332	-13.86406802203	-4.76682501507	-0.29329654392000004	0.17400000000000002
jak2_round2_gen5230	-16.69583	-12.885183385809999	-4.7910857492700005	-0.9705197206800001	0.116
jak2_round2_gen794988	-16.98305	-13.341383901570001	-6.622622488810001	-0.0	0.17400000000000002
jak2_round2_gen7704	-16.97911	-13.230817098580001	-5.24707603281	-1.4765925447900001	0.17400000000000002
jak2_round2_gen414	-16.35506	-14.674513655780002	-5.42288885327	-1.04101827507	0.29000000000000004
jak2_round2_gen768054	-16.47677	-12.1166992146	-4.3604128289	-0.0	0.29000000000000004
jak2_round2_gen8270	-16.17687	-12.330251436389997	-5.167889529430001	-0.56684926305	0.116
jak2_round2_gen897	-16.18638	-13.204268054449999	-4.874893645470001	-0.0	0.116
jak2_round2_gen19478	-16.4879	-15.995457195470001	-5.161229926330001	-0.14759404874999998	0.29000000000000004
jak2_round2_gen564015	-16.43476	-15.906681528519998	-6.28617330833	-0.0	0.34800000000000003
jak2_round2_gen795261	-16.37673	-14.421030156850001	-4.71511261836	-0.11177789292000001	0.17400000000000002
jak2_round2_gen9479	-17.36504	-15.383457791369999	-4.92195238588	-1.1067057040500001	0.232
jak2_round2_gen187	-16.16281	-14.665594775529998	-5.18333216358	-0.10197941040000001	0.232
jak2_round2_gen3631	-16.32664	-14.32401706545	-5.47850828727	-0.34998440742000003	0.232
jak2_round2_gen2526	-16.71048	-14.08224243372	-5.019375821330001	-0.53312439006	0.17400000000000002
jak2_round2_gen900	-16.50489	-13.597923635369998	-4.6951667739200005	-0.14196638313	0.116
jak2_round2_gen12	-16.53451	-14.68351288719	-5.9132614857900005	-0.76646690964	0.29000000000000004
jak2_round2_gen5271	-16.38784	-14.546116135310001	-4.457559569940001	-0.25890199047	0.17400000000000002
jak2_round2_gen6195	-16.36623	-13.41036928817	-4.737151731410001	-0.13318417008000002	0.116
jak2_round2_gen602377	-16.39824	-14.34483145676	-3.0105396864200005	-0.0	0.34800000000000003
jak2_round2_gen681	-16.6891	-14.417039919020002	-6.17106983653	-0.0	0.232
jak2_round2_gen1720	-16.56744	-14.245892864299996	-5.130929608950001	-0.09414297414000002	0.17400000000000002
jak2_round2_gen3601	-16.24756	-14.6324332898	-5.2815983071	-0.14702423292000003	0.232
jak2_round2_gen793075	-17.1745	-14.248399307739998	-5.750993715890001	-0.19040660306999999	0.17400000000000002
jak2_round2_gen794	-17.50405	-15.017124424109998	-6.54016404773	-0.03823640451	0.232
jak2_round2_gen793250	-16.42214	-12.76597137902	-5.57748317528	-0.0	0.116
jak2_round2_gen9452	-16.23895	-14.755286841570001	-5.27820748549	-0.0	0.232
jak2_round2_gen213555	-16.84379	-15.91903265138	-3.8744823866100004	-0.0	0.29000000000000004
jak2_round2_gen792883	-16.77904	-14.985952563839998	-5.53989727315	-0.17623757439	0.232
jak2_round2_gen9242	-16.54572	-15.496766489779999	-4.448731650570001	-0.46617984162	0.232
jak2_round2_gen155	-16.54867	-11.728740666470003	-5.224763381560001	-1.5291037170000001	0.116
jak2_round2_gen1564	-16.41268	-14.523787287949999	-4.85722974086	-0.8770757989500001	0.232
jak2_round2_gen180564	-17.05233	-12.961370598710001	-4.09286371272	-0.0	0.17400000000000002
jak2_round2_gen1008	-16.69163	-13.407290308939999	-5.66919106511	-0.5473639114200001	0.17400000000000002
jak2_round2_gen797871	-16.34373	-13.301429891399998	-4.765767684720001	-0.19054758843	0.116
jak2_round2_gen799917	-16.15489	-15.202292740219997	-4.567401639670001	-0.16143998598	0.232
jak2_round2_gen1269	-16.34666	-14.323804708419999	-4.8875574120600005	-0.0	0.17400000000000002
jak2_round2_gen727	-16.36002	-13.576511763260001	-5.664111671150001	-0.0	0.17400000000000002
jak2_round2_gen4386	-17.16343	-14.07299131639	-4.85132236781	-0.25209944685	0.116
jak2_round2_gen360721	-16.58467	-13.318995813829998	-4.236413053180001	-0.0	0.928
jak2_round2_gen799106	-16.45923	-13.476204569280004	-5.568966668630001	-0.2992414266	0.17400000000000002
jak2_round2_gen1830	-16.61993	-12.71102846469	-5.01098451101	-0.8374647871800002	0.116
jak2_round2_gen2782	-16.45776	-13.127675808040001	-4.84116638541	-0.41743415340000006	0.116
jak2_round2_gen734800	-21.01408	-16.8432868042	-4.473727080320001	-0.9282887309700001	0.34800000000000003
jak2_round2_gen3048	-16.09785	-12.13292890559	-5.841612011890001	-0.0	0.116
jak2_round2_gen795726	-16.21562	-13.29442661867	-4.81893088596	-0.0	0.116
jak2_round2_gen558	-16.42321	-15.225254871379997	-5.666113058980001	-0.33558627753	0.29000000000000004
jak2_round2_gen3389	-16.13526	-14.11867199945	-4.58155899497	-0.26941714857	0.17400000000000002
jak2_round2_gen3770	-17.32801	-14.278094853819997	-5.13257820264	-0.96724181106	0.17400000000000002
jak2_round2_gen8880	-16.23131	-12.55182098285	-4.68687260473	-0.8926723044000001	0.116
jak2_round2_gen2929	-16.20069	-15.059262693650002	-4.746578629300001	-0.18614767032	0.232
jak2_round2_gen328	-16.62448	-14.364394510110001	-5.200038333800001	-0.9446019120000001	0.232
jak2_round2_gen7294	-16.17333	-12.26342468312	-4.41307489413	-1.3856981083200002	0.116
jak2_round2_gen6966	-16.24286	-13.294443535740001	-4.5594111680200005	-2.19312713943	0.232
jak2_round2_gen436345	-16.66741	-13.319176477000001	-3.3453283497500004	-0.0	0.406
jak2_round2_gen2609	-16.21634	-13.78178270007	-5.282627231560001	-0.0	0.17400000000000002
jak2_round2_gen2050	-16.51143	-14.02470532964	-5.381807273220001	-0.0	0.17400000000000002
jak2_round2_gen274	-16.21249	-14.27144122964	-5.7681456131	-0.90611878311	0.29000000000000004
jak2_round2_gen3501	-16.06898	-14.190190184899997	-5.52933343828	-0.10982172105000002	0.232
jak2_round2_gen1606	-16.1982	-13.481664993309998	-5.393640605890001	-0.1690649442	0.17400000000000002
jak2_round2_gen1316	-16.09802	-13.887369133539998	-5.032226856380001	-0.0	0.17400000000000002
jak2_round2_gen104892	-16.63629	-13.537941761959999	-4.07788714558	-0.0	0.6960000000000001
jak2_round2_gen7242	-16.68595	-15.551622517290003	-5.03335467542	-0.0	0.232
jak2_round2_gen147	-16.25608	-13.384411775419998	-5.12915476686	-0.5942532924	0.17400000000000002
jak2_round2_gen787252	-17.62337	-14.74546141319	-5.3347068007	-0.63828184545	0.5800000000000001
jak2_round2_gen98039	-17.63145	-12.65316172436	-4.3935376035400004	-0.58057183809	0.34800000000000003
jak2_round2_gen51646	-16.59905	-15.434343044510001	-5.777382787700001	-0.24271217163	0.29000000000000004
jak2_round2_gen795257	-16.08909	-14.416502429629999	-4.3674511772	-0.12121216326	0.17400000000000002
jak2_round2_gen795996	-16.69936	-14.47222107795	-5.800275129520001	-0.33784791768	0.232
jak2_round2_gen797013	-16.07075	-13.945532059809999	-4.63526857123	-0.30693100311000004	0.17400000000000002
jak2_round2_gen794762	-16.70374	-12.157459590499998	-4.215384628710001	-1.31244446502	0.058
jak2_round2_gen793234	-16.16417	-12.51576414841	-5.53422381033	-0.0	0.116
jak2_round2_gen11424	-16.47027	-14.48843342376	-5.404334196060001	-0.43346536371000005	0.232
jak2_round2_gen1324	-16.33251	-14.49879320266	-5.064419497000001	-0.5903174511	0.232
jak2_round2_gen5706	-16.4635	-14.20020063118	-5.06087367041	-1.05462336231	0.232
jak2_round2_gen1906	-16.21898	-15.398689204669997	-5.561674771460001	-0.0	0.29000000000000004
jak2_round2_gen1372	-16.90537	-14.42808025051	-5.21212977431	-0.22796745273000002	0.17400000000000002
jak2_round2_gen1863	-16.37935	-15.76800469641	-4.34403981418	-0.09297397053	0.232
jak2_round2_gen797986	-16.40323	-15.376174743900002	-4.743098031050001	-0.12849640686	0.232
jak2_round2_gen19174	-16.67359	-14.58909924161	-5.986230606160001	-0.0	0.232
jak2_round2_gen3553	-16.16282	-13.255997062110001	-4.603606875270001	-1.13421547242	0.17400000000000002
jak2_round2_gen14422	-17.25011	-15.5283725031	-5.35175664712	-0.41097819879	0.232
jak2_round2_gen29887	-16.1737	-12.93665801528	-6.07006410273	-0.0	0.17400000000000002
jak2_round2_gen19372	-17.12621	-14.319887849899999	-4.748317350320001	-1.06293562416	0.17400000000000002
jak2_round2_gen6839	-16.46302	-15.254979052570004	-5.88794868159	-0.14769978777	0.29000000000000004
jak2_round2_gen601518	-16.73154	-16.276096352030002	-6.299200389760001	-0.022246314930000004	0.34800000000000003
jak2_round2_gen4087	-16.32763	-13.48837814661	-5.32815976909	-1.3176021794400001	0.232
jak2_round2_gen798824	-16.95608	-13.448717537380002	-5.0324271003700005	-0.45320331411000003	0.116
jak2_round2_gen17761	-16.23615	-14.548318344790001	-4.46190461904	-1.0242997611300002	0.232
jak2_round2_gen795300	-16.18424	-13.594653146339999	-5.421778218040001	-0.0	0.17400000000000002
jak2_round2_gen20659	-16.21137	-14.986037809739999	-5.9122094157900005	-0.99884015487	0.34800000000000003
jak2_round2_gen444	-16.1938	-14.311875519	-4.46542624802	-0.25458431382	0.17400000000000002
jak2_round2_gen827	-16.25067	-14.239875023580002	-5.810447945040001	-0.0	0.232
jak2_round2_gen792258	-17.3411	-15.59413787525	-5.30345085307	-0.504022662	0.232
jak2_round2_gen8607	-17.37097	-15.828518678639998	-5.604311661660001	-0.0	0.232
jak2_round2_gen14869	-16.36147	-14.41702586408	-5.05839148659	-0.70772888403	0.232
jak2_round2_gen7095	-16.42988	-14.846727066929999	-4.452507529800001	-0.0	0.17400000000000002
jak2_round2_gen793259	-16.77666	-13.59257731076	-4.48037265582	-0.66945723318	0.116
jak2_round2_gen775349	-18.05969	-13.755701804490002	-4.29547100263	-0.0	0.232
jak2_round2_gen11795	-16.07846	-12.797341798369999	-5.606974801520001	-0.49282607466000006	0.17400000000000002
jak2_round2_gen754882	-17.54116	-16.82090091179	-4.61968425832	-0.20892268035000003	1.044
jak2_round2_gen2598	-16.25656	-14.296928952670001	-4.4852542606200005	-0.32389624143000006	0.17400000000000002
jak2_round2_gen799613	-16.49945	-12.841783990859998	-5.591826746970001	-0.0	0.116
jak2_round2_gen348	-16.20799	-14.473118650819998	-4.465520934320001	-0.11445074037000001	0.17400000000000002
jak2_round2_gen4467	-16.85505	-14.41401709186	-5.388117238390001	-0.0	0.17400000000000002
jak2_round2_gen799319	-16.15482	-13.889892941729999	-5.096846749230001	-0.0	0.17400000000000002
jak2_round2_gen75	-16.40443	-14.947019139629997	-5.299519618170001	-0.0	0.232
jak2_round2_gen8442	-16.68287	-14.342980056430001	-5.271797222980001	-0.0	0.17400000000000002
jak2_round2_gen37	-16.17959	-14.980233942339998	-5.02194497627	-0.90967278906	0.29000000000000004
jak2_round2_gen157	-16.33751	-15.58855111826	-5.13734969078	-0.3868285815	0.29000000000000004
jak2_round2_gen3404	-16.26988	-14.657556142239999	-5.27072165675	-0.14578473663000002	0.232
jak2_round2_gen1318	-16.43394	-15.602420970679999	-5.8059079123	-0.7955921352600002	0.34800000000000003
jak2_round2_gen10461	-16.22266	-14.309610649250002	-5.70035407989	-0.0	0.232
jak2_round2_gen16586	-16.51376	-13.345248760919997	-5.49903697849	-1.04477788467	0.232
jak2_round2_gen792773	-16.44529	-14.653587450559996	-4.5794986912199995	-0.09188133399000001	0.17400000000000002
jak2_round2_gen796832	-16.13211	-11.468509236880001	-6.553996313400001	-0.0	0.116
jak2_round2_gen5073	-16.32088	-13.07454274577	-4.8129530242200005	-0.34522615152	0.116
jak2_round2_gen16323	-16.25771	-13.845456404600002	-4.6736803483100005	-0.587439	0.17400000000000002
jak2_round2_gen698	-16.24809	-13.98881144193	-4.80731603316	-1.7159798116800002	0.29000000000000004
jak2_round2_gen795401	-16.25729	-12.86444642781	-4.633521082960001	-0.6689344124700001	0.116
jak2_round2_gen796642	-16.37119	-13.56537878656	-5.6038578688000005	-0.07043981049	0.17400000000000002
jak2_round2_gen659	-16.69093	-12.97508320008	-5.543242855750001	-0.12485428506000001	0.116
jak2_round2_gen1083	-16.10873	-13.305712402119998	-4.482113480980001	-1.1517387777900001	0.17400000000000002
jak2_round2_gen579150	-16.14669	-15.264471842370003	-6.169789467340001	-0.38063110005000006	0.34800000000000003
jak2_round2_gen4177	-16.95479	-14.56174819162	-5.189120652720001	-0.17043367707	0.17400000000000002
jak2_round2_gen800063	-16.35867	-14.19465620916	-4.82190298371	-1.174878	0.232
jak2_round2_gen8427	-16.23653	-15.550845897049998	-5.17053899238	-0.26551067922	0.29000000000000004
jak2_round2_gen2748	-16.49265	-14.820584986099998	-5.341946094370001	-0.18329271678000003	0.232
jak2_round2_gen543	-16.85573	-15.28328626755	-5.102751316760001	-0.4177278729	0.232
jak2_round2_gen798717	-16.65525	-13.44091590262	-5.819532569490001	-0.32427220239000004	0.17400000000000002
jak2_round2_gen16206	-16.25807	-13.638494180039999	-4.60527125001	-0.85831299729	0.17400000000000002
jak2_round2_gen793716	-17.36932	-14.845003116630002	-5.24397347838	-0.33395319711000004	0.17400000000000002
jak2_round2_gen2880	-16.17955	-13.20978939683	-4.389519748210001	-0.47610756072000004	0.116
jak2_round2_gen5961	-16.18159	-14.587543271949999	-4.43004197771	-0.0	0.17400000000000002
jak2_round2_gen796063	-16.31589	-14.46755005471	-5.416509100790001	-0.24973206768000003	0.232
jak2_round2_gen800092	-16.36961	-13.957805337279998	-5.33179922991	-0.9093966927300001	0.232
jak2_round2_gen16721	-16.15899	-14.19098111014	-5.24843635932	-0.5060082058200001	0.232
jak2_round2_gen2026	-16.25865	-12.22909374128	-4.79565313583	-1.1366180979300002	0.116
jak2_round2_gen0	-16.37574	-15.2515560428	-5.646031497510001	-0.26234438301	0.29000000000000004
jak2_round2_gen14163	-16.38648	-14.144959149529999	-4.810831349720001	-0.30785328234	0.17400000000000002
jak2_round2_gen795995	-16.43493	-13.608498905800001	-5.30995019084	-0.40659590385000005	0.17400000000000002
jak2_round2_gen12113	-16.1589	-13.37121217761	-4.629331389530001	-0.038336269140000004	0.116
jak2_round2_gen19522	-16.97415	-13.559302169199999	-5.40276415693	-0.0	0.116
jak2_round2_gen574	-16.19262	-12.877062523809998	-5.209688621220001	-0.0	0.116
jak2_round2_gen9887	-16.86634	-16.487362542470002	-5.142422772320001	-0.16638034797	0.29000000000000004
jak2_round2_gen15782	-16.19079	-12.19239220202	-5.885733022170001	-0.0	0.116
jak2_round2_gen4148	-16.99831	-14.428468944519997	-5.14279765993	-0.41333970357	0.17400000000000002
jak2_round2_gen1587	-16.38705	-13.989940749760002	-5.262690505060001	-0.0	0.17400000000000002
jak2_round2_gen799485	-16.37856	-14.351177059130002	-4.88439068136	-0.97592415948	0.232
jak2_round2_gen794456	-16.47699	-15.15447703748	-5.18165937228	-0.0	0.232
jak2_round2_gen733	-16.9035	-14.898455847049998	-4.80151737401	-0.16232114448	0.17400000000000002
jak2_round2_gen792761	-17.35945	-13.66065048386	-5.55843825345	-0.16839526374000002	0.116
jak2_round2_gen15621	-16.57138	-15.689045111439999	-6.96637724337	-0.7070592035700001	0.406
jak2_round2_gen795550	-16.48344	-11.888030646919999	-6.042949804000001	-0.47873928744000005	0.116
jak2_round2_gen1739	-16.81286	-15.54343177597	-4.930838519790001	-0.26778406815	0.232
jak2_round2_gen2045	-16.2485	-13.812036157179998	-5.2793591514500005	-0.0	0.17400000000000002
jak2_round2_gen799751	-16.59332	-14.32551306542	-6.963929427170001	-0.15891399828	0.29000000000000004
jak2_round2_gen58821	-17.33686	-12.610026518760002	-5.737136200540001	-0.0	0.29000000000000004
jak2_round2_gen396	-16.21265	-15.712485461679996	-4.9424446053399995	-0.30076289360999997	0.29000000000000004
jak2_round2_gen1898	-16.29457	-12.556845052250003	-4.674914426420001	-0.9602395381800001	0.116
jak2_round2_gen795402	-16.86677	-14.11397417353	-5.28909711137	-0.42091766667	0.17400000000000002
jak2_round2_gen749	-16.84176	-14.617961410809997	-5.01535551117	-0.15964242264	0.17400000000000002
jak2_round2_gen39594	-16.475	-15.706008253040002	-5.59020235089	-0.0	0.29000000000000004
jak2_round2_gen4468	-16.16023	-13.34244033514	-4.265294128130001	-0.44357518890000003	0.116
jak2_round2_gen797116	-16.96146	-14.089386783299998	-4.855158215030001	-0.00224989137	0.116
jak2_round2_gen112	-16.38307	-14.635967671869997	-5.5845173153	-0.0	0.232
jak2_round2_gen38453	-16.45216	-13.063821665709998	-5.816333224620001	-1.40814415251	0.232
jak2_round2_gen130	-16.18391	-14.823007683300002	-5.14605101106	-0.0	0.232
jak2_round2_gen796102	-16.1616	-13.691151358379999	-4.90536615164	-0.39732024204	0.17400000000000002
jak2_round2_gen242955	-16.29797	-15.79926554235	-5.2915017927	-0.9195476386500001	0.34800000000000003
jak2_round2_gen799865	-16.24924	-12.739484779159998	-5.362373085490001	-0.051706380780000005	0.116
jak2_round2_gen8123	-16.71599	-12.975426268040001	-5.667503194140001	-0.025042524570000002	0.116
jak2_round2_gen873	-17.07832	-14.44701537025	-4.613955035790001	-0.00883508256	0.116
jak2_round2_gen795628	-16.28286	-13.426886673940002	-4.590321686	-1.11935326572	0.17400000000000002
jak2_round2_gen13494	-16.73665	-13.13532284372	-6.52983342171	-0.0	0.17400000000000002
jak2_round2_gen788455	-16.17834	-13.809418647939998	-3.3397962150000002	-0.91691003754	0.406
jak2_round2_gen321	-16.17333	-15.486967141769997	-5.134663756070001	-0.28653512103	0.29000000000000004
jak2_round2_gen1145	-16.33169	-13.09393351063	-4.85626569405	-0.27985006521	0.116
jak2_round2_gen39142	-16.11677	-15.759764216539999	-3.5678695606400006	-0.555717294	0.232
jak2_round2_gen8629	-16.66816	-15.58662398298	-4.810059481030001	-0.17207850627000001	0.232
jak2_round2_gen8564	-16.22529	-13.753602398890001	-5.320738467310001	-0.0	0.17400000000000002
jak2_round2_gen7907	-16.85188	-13.90041097649	-4.48466054245	-2.4040236148200003	0.232
jak2_round2_gen18529	-16.25005	-13.7738374591	-5.33087305762	-0.0	0.17400000000000002
jak2_round2_gen798388	-16.43024	-14.98009232287	-5.29312864361	-0.0	0.232
jak2_round2_gen797425	-16.61536	-14.269670016149998	-5.268690810960001	-0.0	0.17400000000000002
jak2_round2_gen799523	-16.118	-13.981962061779997	-5.52078431746	-0.38847928509	0.232
jak2_round2_gen795671	-16.48911	-14.215711577050001	-4.99265254195	-1.12854081168	0.232
jak2_round2_gen78021	-16.66291	-13.88594761528	-2.7807199045800006	-0.0	0.34800000000000003
jak2_round2_gen8658	-16.36504	-14.11462533565	-5.0592496250200005	-1.0239003026100002	0.232
jak2_round2_gen3737	-16.84414	-15.34819610504	-4.434750692340001	-0.01014507153	0.17400000000000002
