molecule_id	affinity	steric_sum	hydrophobic_value	hydrogen_value	wnrot
7293276	-13.2975	-12.590734127100001	-2.6608445939500003	-0.38115392076	0.17400000000000002
85340013	-12.0021	-12.06937742633	-2.65368771243	-0.78688628928	0.29000000000000004
6676410	-11.89723	-11.63048533472	-4.303302261020001	-0.48237553485000007	0.406
7659240	-12.03159	-10.055657307330002	-3.16540053283	-0.2168237349	0.116
26717374	-12.158	-11.038376135169997	-2.32893755035	-1.6311653688600003	0.232
5802936	-12.93017	-10.84901853869	-3.1178592429800003	-0.47505017052000004	0.116
63920724	-11.88546	-10.435299202140001	-2.4842378113300003	-0.35250452073000005	0.116
7818590	-11.99657	-11.95263646242	-2.09420916058	-2.16111171393	0.34800000000000003
5244172	-14.30401	-10.82107248598	-3.4814153577000004	-0.0	0.116
5586857	-13.9799	-11.13374009394	-2.8493597569	-0.0	0.0
6453998	-12.05123	-10.75779706929	-2.8114841848300003	-1.3051367238600002	0.232
5826583	-16.76571	-13.34260457655	-3.4222816592100003	-0.0	0.34800000000000003
5528097	-12.94784	-10.56549471047	-2.38459100128	-0.0	0.17400000000000002
6160408	-12.06772	-10.14333817392	-3.4573709992300006	-0.5825397587400001	0.17400000000000002
5836516	-12.41894	-11.389713653919998	-2.8863775412300003	-0.32550582429	0.17400000000000002
16885421	-12.44548	-11.894811365	-3.2635912780000003	-0.19710928206000003	0.232
10493383	-11.94618	-9.722874746359999	-2.16900467447	-1.45241942994	0.116
5790232	-12.00438	-10.0844471648	-3.55353019723	-0.47102621337000006	0.17400000000000002
7922593	-13.11257	-12.291014474129998	-3.1209326901400005	-0.0	0.17400000000000002
45385815	-14.34483	-11.433568215720001	-3.7506562024400005	-0.0	0.116
7307536	-11.95517	-11.49599721376	-2.27480714609	-1.6772734559700002	0.29000000000000004
5481054	-11.91093	-8.134251444179998	-3.1510401280200004	-2.02090177341	0.116
9241809	-12.03378	-9.87236822682	-3.33609959171	-0.23306054886	0.116
7518047	-12.85199	-11.132297232579997	-2.8067530260400004	-1.1697379087500002	0.17400000000000002
7665234	-12.10319	-12.64630415003	-2.21683142598	-0.07008734709	0.232
7940088	-12.09237	-11.786406703019999	-2.4284009495300003	-0.0	0.17400000000000002
5740868	-13.22918	-11.22377475649	-2.7774893483	-0.0	0.34800000000000003
5327527	-12.36482	-9.35763034666	-3.00728282839	-0.0	0.406
6463499	-11.99453	-12.66764392304	-2.62756832123	-1.61170938918	0.406
5225419	-13.71127	-11.177773848400001	-3.3351092431500002	-0.0	0.058
6188200	-11.91666	-10.709694931389999	-2.5293758226100005	-0.7675184254500002	0.17400000000000002
6432429	-11.85516	-9.228104990079999	-2.7751263990800004	-1.23412122315	0.116
40101449	-16.14565	-13.51763208528	-3.5709058346600004	-0.0	0.29000000000000004
23721059	-12.37673	-11.5966090318	-2.26091210691	-0.6857410422600001	0.17400000000000002
6124141	-12.72721	-12.48492528177	-3.2145893643	-0.0	0.232
5542340	-12.52931	-10.864666876669999	-3.3691440583400003	-0.49714375131000005	0.34800000000000003
75680230	-12.1239	-10.81299796366	-2.24440021895	-0.4803488703	0.116
5626191	-12.99785	-10.075121664640001	-3.6803428574400003	-0.0	0.058
6153423	-12.15882	-11.451894489730002	-2.6004491128400002	-0.23680840968	0.17400000000000002
5529239	-19.47355	-15.77660366073	-3.6994253031000004	-0.0	0.232
7419140	-11.89117	-10.45040862397	-2.8813539069800003	-0.63895152591	0.17400000000000002
7358445	-12.13057	-9.5005122118	-2.3154415963900004	-1.02195587952	0.058
5309478	-12.14738	-9.04539534941	-2.7555782371000004	-1.76982447042	0.116
6125434	-13.01864	-12.18220004582	-3.1207345502900004	-0.0	0.17400000000000002
7922082	-12.13898	-12.44609364944	-2.8396116269700005	-0.41100757074	0.29000000000000004
7924072	-12.00284	-9.12513848697	-2.7568372142000004	-1.52150813073	0.116
6521860	-12.11198	-10.05273104825	-2.7703128281400002	-0.0	0.058
5332292	-12.29117	-9.46465480899	-2.8310333988800003	-0.0	0.17400000000000002
7726067	-12.10511	-12.45220289043	-2.52166485089	-0.66476359557	0.29000000000000004
7017277	-11.94428	-10.11906965571	-2.7727844912600004	-1.14924803643	0.17400000000000002
6526850	-11.89581	-12.83835472306	-2.5374167936200003	-0.0	0.29000000000000004
24066023	-11.96847	-11.955976046260002	-2.3678637896600003	-1.84257879057	0.34800000000000003
15446531	-12.01319	-11.842321306319999	-2.8540975788000003	-1.52835766947	0.34800000000000003
7446527	-11.99294	-12.19880833525	-2.79650095458	-1.20126575988	0.34800000000000003
66417495	-12.01815	-11.57169686203	-2.4912400385600004	-0.7679061351900001	0.232
5303552	-15.77397	-13.46892574823	-2.2474389478000005	-0.061440245010000005	0.17400000000000002
5349236	-12.17804	-10.1881316958	-1.9903554732900002	-0.0	0.232
32173772	-12.00179	-10.33774594693	-2.4902574051800004	-1.27505984706	0.17400000000000002
5318158	-14.63685	-11.4499786175	-3.18663025336	-0.0	0.232
5654980	-14.62496	-12.288241536020001	-2.3366825390000003	-0.0	0.29000000000000004
5738488	-13.25099	-11.163841092830001	-2.86093673518	-0.0	0.232
5669594	-12.41386	-11.77931701583	-3.2737504166100004	-0.9897759711000002	0.29000000000000004
6889100	-12.4163	-11.81039477097	-2.0344435187100003	-2.20094007813	0.29000000000000004
7356270	-11.93874	-9.90370935585	-3.1131557887000003	-1.37117074185	0.232
5192681	-12.93972	-10.04827556497	-3.6477265833000003	-0.0	0.116
97269349	-11.96383	-10.9094927651	-2.5980795005100004	-1.95874485282	0.29000000000000004
5431088	-11.94988	-11.640775645629999	-3.1013645388300004	-0.0	0.232
5112934	-12.20181	-10.64233691778	-1.8015843066400001	-0.4686177134700001	0.058
6875932	-12.05988	-9.95917403056	-3.51024242639	-0.0	0.116
7924179	-11.905	-11.08494423532	-3.1943717351100003	-0.4087048098600001	0.232
7922059	-12.36575	-12.53149024621	-3.2109698928100006	-0.23444690490000003	0.29000000000000004
5105529	-12.23343	-9.813026775860001	-3.1365671517200004	-0.0	0.232
5636202	-15.11272	-12.27547912533	-2.7312080876200002	-0.10468750419000002	0.0
7923143	-12.02752	-12.17044556648	-2.7283860851900004	-0.64587155733	0.29000000000000004
6369501	-12.44156	-9.84516345275	-3.3257135566700007	-0.0	0.058
5542371	-14.84997	-12.04928405361	-2.8039597801900005	-0.0	0.232
5558557	-12.59472	-9.00622475521	-3.5874289447000005	-0.0	0.0
5839299	-12.27686	-10.340038312859999	-2.48328253177	-0.89206724223	0.116
7089286	-11.93537	-9.732374448769999	-3.6042504919300002	-0.0	0.116
35500994	-11.89114	-11.056106781299999	-2.93565509727	-0.67942019862	0.232
5654731	-12.03028	-11.98930913429	-3.35499792512	-0.20620283778	0.29000000000000004
5681949	-12.57488	-10.849238440299999	-3.2685226807800003	-0.66553901505	0.17400000000000002
66534451	-12.0051	-11.23979779058	-2.9236222219900005	-1.35032840613	0.29000000000000004
5230345	-12.22571	-10.687391084160001	-2.79971011877	-0.8847007571700001	0.29000000000000004
17590765	-11.95076	-9.58976730926	-2.5690570974900004	-1.5366288105900003	0.17400000000000002
7778361	-12.11075	-10.300041878490001	-2.0472756165000003	-2.59761413727	0.29000000000000004
7923180	-12.08146	-13.0674162975	-2.72918706115	-0.52745560371	0.34800000000000003
5965501	-12.3545	-11.156933131549998	-2.6375535176000007	-0.0	0.116
5863998	-11.96128	-10.37023844578	-3.8010331716300003	-0.587439	0.232
5399609	-11.90973	-11.1522914624	-2.8447562492700005	-0.0	0.17400000000000002
5794564	-13.45737	-11.09782943906	-2.35985788765	-0.0	0.29000000000000004
6734534	-12.2472	-11.146792342669999	-3.8640567236	-0.8244353901600001	0.29000000000000004
94757355	-11.85353	-10.30704707935	-2.4756399446	-0.46034069796000004	0.116
5543524	-15.10344	-12.037842533460001	-3.06785119967	-0.0	0.232
7921711	-12.69365	-11.17557315979	-2.99880665109	-0.0	0.116
5469112	-13.43861	-11.147205279589999	-2.73164995702	-0.34581946491000004	0.464
5466378	-14.96248	-11.90355674764	-2.9328011820500004	-0.12252802662000001	0.522
5649762	-12.79138	-9.66123257916	-3.12932400046	-0.0	0.29000000000000004
7119700	-11.9071	-10.815527277589998	-2.9583808613400007	-0.22377313827	0.17400000000000002
5490618	-17.69789	-13.51791084559	-4.1791979796800005	-0.0	0.464
7444207	-11.95934	-9.99523417342	-3.73132967654	-0.33525731169000006	0.17400000000000002
57578731	-12.67563	-12.13534403183	-2.9596447481000006	-1.28393017596	0.29000000000000004
5560714	-15.81591	-12.34159325368	-3.47567245826	-0.0	0.29000000000000004
7874788	-12.14905	-11.913213847049999	-3.04138743089	-0.03749035698000001	0.232
5243161	-12.37228	-9.796884259199999	-3.2995941654700003	-0.0	0.058
5728973	-12.93338	-10.95463482058	-2.7367328578800003	-0.0	0.406
7686120	-12.06506	-9.43443330021	-3.18997723872	-1.55050411977	0.17400000000000002
7923869	-12.05458	-11.58282770112	-2.5072097597800003	-0.78213390777	0.232
5820967	-11.88253	-10.72041320998	-2.33195909539	-2.9971960194600005	0.34800000000000003
5692814	-12.05552	-10.38259360628	-2.7894170165800003	-1.69644746493	0.232
5789710	-15.39157	-13.06047494918	-2.33229400434	-0.0	0.754
5806765	-15.7176	-12.32334822759	-3.3949902620300003	-0.0	0.464
5706085	-14.01465	-12.560629257630001	-1.4556612358100003	-0.0	0.406
5666472	-16.702	-13.71929350412	-2.98286919335	-0.0	0.5800000000000001
5323944	-14.39273	-11.30818702141	-3.08440937871	-0.0	0.34800000000000003
5882369	-12.07508	-9.85411216784	-2.9269884953000003	-0.0	0.058
35786997	-12.19473	-12.10279881401	-2.47158140923	-0.46985720976	0.232
5527176	-13.32923	-11.165714380169998	-2.16359002087	-0.0	0.17400000000000002
7270068	-12.16688	-10.049355747869999	-2.9579267177900004	-0.58229303436	0.116
7354533	-12.08207	-10.11432070048	-2.82195789237	-0.5583607695	0.116
5698876	-12.33884	-11.35758228513	-2.93056132502	-0.93329958564	0.232
9207906	-12.27914	-10.793193556570001	-2.8518093265500006	-0.7833146601600001	0.17400000000000002
5136027	-12.14083	-10.537578856320001	-3.2329143195600003	-1.21326713865	0.232
5213644	-12.08301	-8.405152411479998	-3.16124064805	-1.2291926099400001	0.058
5535356	-14.67587	-11.41354932171	-3.2615208042400003	-0.0	0.29000000000000004
5705831	-12.74966	-10.7792348911	-2.0946703179300004	-0.6250762167300001	0.232
5806017	-12.32996	-10.343123371639999	-3.4287739831800006	-0.0	0.116
7484948	-12.28144	-12.193547242399998	-2.34002847229	-2.04971565636	0.34800000000000003
5480902	-13.73056	-10.759300112490001	-2.97344124339	-0.0	0.232
6814565	-12.86857	-11.978236468150001	-3.1480129719400005	-0.0	0.17400000000000002
7749708	-11.85074	-11.28185497323	-2.24320050846	-0.4058616051	0.17400000000000002
5562736	-12.04672	-9.98178451989	-1.52703647013	-0.5343873839100001	0.406
6239870	-12.21186	-10.10088611378	-3.5958963547500002	-0.6603930494100001	0.17400000000000002
5186601	-15.39054	-12.47714871291	-2.5001535262900005	-0.41460269742	0.0
5782205	-12.03276	-10.668647178059999	-2.7711737720900005	-0.0	0.116
5793086	-12.94171	-10.17954035619	-2.76123451611	-0.0	0.116
5725655	-11.88095	-10.386817245759998	-2.95624480855	-0.97419121443	0.232
7924066	-12.44828	-11.74131878966	-2.33378057925	-0.55907157069	0.17400000000000002
5377079	-12.92418	-10.88893847911	-1.2483392695400002	-0.7867100575800001	0.116
6502507	-11.99577	-10.735180168189999	-2.6458122671	-2.8292942044800005	0.34800000000000003
71319444	-12.03897	-14.03915001076	-3.47648746182	-0.50565574242	0.522
16455409	-12.28573	-10.84872409448	-2.37551935236	-0.49596299892000006	0.116
9268455	-11.95714	-11.315928375550001	-3.0205778369800003	-0.41428548036	0.232
5552332	-14.09127	-10.96434462755	-3.1278156827700005	-0.0	0.232
7933525	-12.39915	-12.26688272288	-2.61752420894	-1.1421576477	0.29000000000000004
6306606	-12.26229	-9.359586174769998	-2.3751648047700002	-0.5304280450500001	0.0
5819112	-12.27288	-10.42926535116	-3.2433704926000004	-1.4768862642900003	0.232
5705842	-15.68227	-13.151326557700001	-2.5342493615400006	-0.0	0.34800000000000003
7922224	-12.29123	-12.57361417207	-3.30778242628	-0.0	0.29000000000000004
6706708	-12.1236	-10.99382633661	-3.9697557416700002	-0.7018544940300001	0.29000000000000004
5783989	-12.29898	-9.60020686174	-2.69841716986	-0.0	0.17400000000000002
5713980	-17.3501	-13.0603933944	-3.9368469920700004	-0.35503050843	0.34800000000000003
5966968	-12.75019	-9.753326351679998	-1.90389811414	-2.21062694724	0.34800000000000003
7923849	-12.63517	-10.651160079099999	-3.0678785534900004	-1.12923986409	0.17400000000000002
5684184	-11.94786	-9.4239500323	-2.8205642503100004	-0.39980510901000005	0.058
31328148	-12.44775	-10.74203975139	-3.5243818965000004	-0.0	0.17400000000000002
5215573	-12.3766	-10.70032608804	-2.75956698516	-0.0	0.116
7656194	-12.13205	-10.00778832754	-3.2960511444000002	-0.59781317274	0.17400000000000002
5227279	-12.60268	-9.96568757677	-2.4512249068000003	-0.18646488738	0.34800000000000003
7750728	-11.99257	-12.847548274090002	-2.50506073146	-0.8449546344300001	0.34800000000000003
5213405	-12.68613	-9.40884359295	-2.9745301358400003	-0.30154418748	0.0
12804947	-12.02461	-12.10552174717	-2.63200805663	-0.8019834715800002	0.29000000000000004
5880799	-12.03218	-11.60384805894	-2.16719195786	-0.36867084201	0.17400000000000002
7660100	-12.80997	-12.097883892239999	-2.9616510455900005	-0.0	0.17400000000000002
76932821	-11.97881	-10.97315580169	-2.42608674622	-1.02712534272	0.232
6596794	-12.06532	-12.18177946689	-2.38489259468	-1.732357611	0.34800000000000003
5240920	-14.52203	-11.758083070299998	-2.76544209473	-0.0	0.406
7922047	-12.30452	-12.455242892469998	-2.7294854983400003	-0.0	0.232
5834186	-12.47248	-10.731803867339998	-3.76099629709	-0.8946637226100002	0.232
7223392	-12.04999	-10.357808497099999	-2.2126483956600005	-2.3029841068200003	0.232
6370628	-12.28787	-9.17368643579	-3.0980270221000006	-0.73881615591	0.058
6371146	-12.35746	-8.40336777373	-3.7715001639700003	-0.9077283659700002	0.058
5757137	-14.1915	-10.89102893459	-3.2983060811000002	-0.0	0.29000000000000004
17360255	-12.1678	-10.709619214750001	-2.8610657891000004	-0.023526931950000003	0.116
5218032	-13.23007	-10.566366145360002	-2.84030353834	-0.60032153727	0.29000000000000004
95508823	-12.4916	-10.378032315750001	-3.35087907107	-0.22168772982	0.116
6408580	-12.14539	-11.56870139206	-3.0350942988400007	-0.38386788894000007	0.232
5866574	-12.33622	-10.569030753149999	-3.8255323750300003	-0.82978108506	0.232
5217675	-11.99605	-9.45877247861	-3.2349777795200003	-0.0	0.058
83870625	-12.13624	-10.10161247041	-2.78150264466	-0.67376316105	0.116
6630124	-11.98985	-9.11758826359	-2.8697849945700002	-0.0	0.0
7922939	-13.51739	-12.25423343685	-3.0493985932500003	-1.37528868924	0.232
5423221	-12.07674	-11.13780476841	-3.0572901703200004	-0.0	0.17400000000000002
6676990	-11.96322	-12.05626245566	-2.18563369289	-1.21592823732	0.29000000000000004
5473014	-11.98263	-11.40202694126	-3.3827487262000004	-0.0	0.232
5825985	-12.21238	-10.22731946715	-3.3241203720000003	-0.80264727765	0.17400000000000002
7156985	-12.77546	-10.551160533520001	-4.273469413410001	-0.9363072733200001	0.232
5401331	-12.64518	-9.0681447029	-3.47487253437	-0.10011722877000001	0.0
7317008	-12.13647	-11.949684907779998	-3.28831807921	-0.43974508662000006	0.29000000000000004
7262340	-11.9396	-10.0574313692	-2.87103765925	-1.10128951647	0.17400000000000002
5225644	-12.58206	-10.355190875669999	-1.91908264045	-0.30530379708	0.116
5475372	-15.03224	-11.57944544848	-3.4523322853100002	-0.0	0.29000000000000004
6431808	-12.19942	-12.313100738829998	-2.63028932494	-0.82176254271	0.29000000000000004
7923356	-12.01049	-10.85487083664	-2.9898433653800005	-0.27059790096	0.17400000000000002
6405832	-11.98724	-10.97782630666	-3.8848561475000003	-0.62866546902	0.29000000000000004
7845202	-11.96626	-12.50006484372	-2.9650660648100002	-0.0	0.29000000000000004
7031265	-12.07286	-9.353543024650001	-3.1565087878800004	-0.26882970957	0.058
5571819	-12.2794	-10.57666756	-1.9288055207000003	-1.9255310517600002	0.17400000000000002
5647475	-13.81009	-13.207630372649998	-2.2199564245700003	-0.0	0.812
6501332	-12.03814	-12.800166190859999	-2.66891256809	-0.09300921687000001	0.29000000000000004
6060623	-12.10971	-10.844460766700001	-3.3890169592600006	-0.0	0.17400000000000002
5680429	-11.85541	-11.83423189155	-2.08547557682	-0.7053497560800001	0.232
12941577	-11.94942	-11.48924601633	-3.07274297448	-0.17984444985	0.232
51677005	-11.9293	-10.480933235410001	-2.84128932793	-0.0	0.116
5344794	-11.92537	-11.102479765280002	-3.2109004561900005	-0.40326512472000003	0.232
9239604	-12.09945	-10.773671055209999	-2.71939264014	-1.4375161025100003	0.232
7250337	-12.30602	-10.40798137961	-2.8889561648	-1.16718842349	0.17400000000000002
5174778	-14.32249	-11.555992521499999	-3.60451210667	-0.0	0.232
5177070	-15.21992	-12.73705798562	-2.3580255324	-0.12528898992	0.29000000000000004
9309273	-12.09411	-11.556801209069999	-2.18291654677	-0.47345233644000007	0.17400000000000002
5489545	-16.25427	-12.52752840008	-3.73057919994	-0.0	0.232
5612269	-13.96039	-10.51035252855	-3.4459879525200003	-0.40949197812000004	0.29000000000000004
5694732	-12.05252	-11.794516363420001	-3.0760738281	-0.0	0.232
6943340	-12.0677	-9.72025148334	-3.1465007966600003	-1.31742594774	0.17400000000000002
5476594	-17.31706	-13.88003285748	-3.43760330531	-0.0	0.5800000000000001
5791134	-12.08098	-11.754980891079999	-3.11903195034	-0.38822668632000007	0.29000000000000004
7337140	-12.36043	-8.86812681766	-3.6418199116300003	-0.56767755204	0.058
5585358	-12.07592	-10.461753198919999	-2.7176949498500003	-1.01594637855	0.17400000000000002
30694112	-11.88358	-10.85186496857	-2.8017883077100003	-1.0072816533	0.232
61796995	-12.37305	-11.536082769410001	-1.9860391807700002	-0.296656695	0.116
5615973	-12.10624	-10.4824361756	-1.53047358282	-0.09206344008	0.29000000000000004
5338339	-13.12718	-10.08562156232	-3.0410809278300004	-0.0	0.232
5705746	-11.88236	-9.32534846303	-3.2500237832800005	-0.0	0.058
5972682	-12.32842	-9.56880477532	-3.0976577455300003	-0.38053710981	0.058
7248110	-12.4266	-11.325163928150001	-3.2795876516600004	-0.0	0.17400000000000002
7258204	-12.26264	-11.49975926905	-3.03688948095	-0.59571601551	0.232
5180822	-12.16226	-10.61999949758	-2.9641616353000004	-0.0	0.116
5830506	-12.11925	-9.53422586597	-3.36702133177	-0.6321078615600001	0.116
5689990	-13.42406	-10.99070100027	-1.9756794474800001	-0.45909532728	0.058
5105936	-12.41639	-9.610635222149998	-2.8071279136500005	-0.0	0.34800000000000003
5785736	-12.2238	-9.95893329105	-2.26723645037	-0.0	0.116
7967187	-11.87798	-11.71440903887	-2.5984989257500004	-1.73336800608	0.34800000000000003
94350307	-12.33946	-11.36767159161	-2.5221063696000003	-1.33251138126	0.232
7922052	-12.02817	-11.41192630827	-2.4406519539900002	-0.99189662589	0.232
7971269	-12.66337	-10.375016221269998	-2.8713041836500004	-1.6383849941700002	0.17400000000000002
5849367	-13.21365	-11.41600514438	-3.4248585293300007	-0.6916976737200001	0.17400000000000002
6735154	-12.07494	-10.967107802169998	-3.9328501781400007	-0.7054554951	0.29000000000000004
96362765	-12.31321	-10.676940967550001	-2.7885150419	-0.28738103319	0.116
5112888	-13.83627	-10.41683832043	-3.42088345818	-0.0	0.29000000000000004
5365733	-14.58241	-11.93463287098	-2.51405873548	-0.13541056389	0.406
7723003	-11.93314	-12.77137343995	-3.25660728665	-0.08674124274000002	0.34800000000000003
7923711	-11.90141	-10.08126999308	-2.9723544550800005	-0.23966923761000003	0.116
5824615	-12.13251	-10.335596234930001	-3.2084242341	-1.42916271993	0.232
5244215	-14.78976	-11.401145432189999	-3.17803378939	-0.21138404976000003	0.232
72341354	-12.07315	-10.94081259039	-2.0842632414900004	-1.16563171014	0.17400000000000002
5601972	-17.57574	-15.006271384690002	-2.5732043574300003	-0.0	0.34800000000000003
5636517	-13.40946	-10.95323287909	-3.24124741534	-0.0	0.058
5705154	-12.17697	-10.09939195758	-2.2096478920200004	-0.92814187122	0.116
5833615	-12.00663	-9.551181069430001	-3.5206866759700004	-1.03676521671	0.17400000000000002
5652209	-13.13366	-10.334107447949998	-2.79642801106	-0.0	0.29000000000000004
77757191	-12.05497	-10.57681600622	-2.84040488775	-0.7533376479900001	0.17400000000000002
7112871	-11.91334	-10.7132479359	-2.6955615011900003	-0.25153550541	0.17400000000000002
5869043	-11.88903	-12.36994532744	-3.10406625459	-0.5807833161300001	0.34800000000000003
92477166	-11.96149	-9.315695127489999	-2.4203014132900003	-1.6233994252800001	0.116
5556164	-12.35175	-9.22591717046	-2.74512662303	-1.8284743801800003	0.116
7723969	-12.10722	-11.849607171489998	-2.83145071998	-0.9705373438500001	0.29000000000000004
9134938	-12.03403	-10.74796729168	-2.36437337209	-0.32756186079000005	0.116
5546677	-14.90648	-12.139742739510002	-2.76724814823	-0.0	0.116
9296925	-12.01188	-10.92169190098	-2.27074545451	-0.22042473597	0.116
5482387	-12.12715	-8.98026321738	-2.7162024132100004	-0.42871298220000004	0.29000000000000004
5742175	-13.08672	-10.989273911820002	-2.8599376193700006	-0.0	0.34800000000000003
6622315	-12.02854	-11.877105817150001	-2.7556918606600003	-0.91266872796	0.29000000000000004
7922787	-12.01567	-11.40243494007	-2.8136700356000004	-0.6060784394700001	0.232
5684478	-12.36363	-10.226520184959998	-3.58142618397	-0.0	0.116
50454171	-11.98933	-9.62560189673	-2.1898279452900002	-1.57653354186	0.116
67448764	-11.97987	-10.52967202517	-2.44958227484	-1.10311057737	0.17400000000000002
5757187	-12.59666	-10.361576985129998	-2.23528438309	-0.0	0.29000000000000004
55570635	-12.00448	-13.003820047749999	-1.8103596225100003	-0.0	0.232
33198865	-12.23541	-11.392727267009999	-2.9811806210000005	-0.7220741444100001	0.232
5311624	-11.84963	-12.84654845248	-3.7423255614900004	-0.80862153228	0.464
44490901	-12.02026	-10.09587560133	-2.8431928732500005	-0.48593541519000005	0.116
40507143	-12.56496	-10.37187697846	-2.64698111687	-0.27590247513	0.058
7830732	-13.26846	-10.41978035939	-2.8442631791300004	-0.0	0.0
7651853	-12.96528	-10.70416996898	-3.2388865702600005	-0.5405496190200001	0.116
7982539	-12.03918	-11.21883644585	-2.50093275947	-0.42837814197000007	0.17400000000000002
5200120	-14.18264	-11.97659498547	-1.7599188277400002	-0.44491454982000006	0.17400000000000002
5542305	-12.17711	-10.867186951829998	-2.02283708247	-0.0	0.058
13841841	-11.87436	-11.39660525316	-2.6820413496200004	-0.56892292272	0.232
7923092	-12.05423	-11.11563353021	-2.7887145845100005	-1.67169278547	0.29000000000000004
5537280	-12.11613	-9.94770455918	-1.73802454966	-0.43057516383000005	0.232
7966631	-12.11007	-11.91457926477	-2.89527244239	-1.54887103935	0.34800000000000003
79138793	-13.04164	-13.176926530979998	-3.03689439061	-0.63734781744	0.29000000000000004
9222322	-11.88659	-10.608647207779999	-2.53879184911	-1.51700834799	0.232
5767693	-13.23066	-13.589421970140004	-3.15133155141	-1.8989611857900002	0.406
5814077	-12.88077	-11.01290619915	-1.64034020085	-0.23003523801	0.406
5698909	-12.59143	-12.55277658475	-2.98606959029	-0.0	0.232
9209341	-12.1458	-12.5578616783	-2.6914016164100003	-1.1583122202	0.34800000000000003
5712825	-15.08113	-13.311542237069999	-1.7665005776600002	-0.0	0.464
5765557	-12.22428	-9.75904162421	-2.4649793192900002	-0.0	0.29000000000000004
5485084	-14.12216	-11.674058681510001	-1.52808152633	-0.9194712715800001	0.406
6177361	-11.97609	-10.39972591907	-2.91812480555	-0.75757895757	0.17400000000000002
9235003	-11.91141	-10.01702531104	-2.12097417207	-0.46926389637000004	0.058
5374451	-13.8482	-10.65963264798	-2.70229264505	-0.48699280539000006	0.116
63018531	-12.6185	-10.601118655979999	-2.30389512814	-0.44895025575	0.058
5760205	-13.27476	-10.02858177416	-3.2484561989800005	-0.0	0.116
5977199	-12.00029	-10.03045024512	-2.51648515959	-0.85572826569	0.116
6492351	-12.00591	-11.95094060744	-2.4258296904500005	-1.84118656014	0.34800000000000003
12283656	-12.03107	-10.589446018839999	-2.79882673066	-1.45394677134	0.232
7178962	-12.02708	-10.10957549391	-4.24113018437	-1.1928888797400001	0.29000000000000004
6083127	-11.9026	-10.69149449259	-3.8344448106900004	-0.8545592620800001	0.29000000000000004
7128574	-13.07645	-11.98824265882	-2.30203050941	-0.31453833816000004	0.116
7627996	-11.94681	-11.69816113235	-2.93313503893	-1.50776793252	0.34800000000000003
84827690	-12.49408	-10.57234449493	-2.64071954692	-0.7404668595	0.116
7356888	-12.04767	-9.44511654756	-2.2729306039000003	-1.03305260223	0.058
7386237	-11.89955	-11.4650438353	-2.66532430801	-0.20249609769000002	0.232
6428474	-11.90298	-9.35952878101	-3.0262498970400005	-0.2150614179	0.058
7922854	-12.51787	-11.63081452079	-2.7555256336	-0.3223277793	0.17400000000000002
6093334	-12.3734	-11.1940317558	-3.9310655167300004	-0.8653563909000002	0.29000000000000004
76571866	-12.40782	-11.41349496841	-2.34543365726	-0.8293405058100001	0.17400000000000002
73020927	-11.89166	-11.116645748849999	-3.05051729435	-0.50946234714	0.232
5766596	-13.33386	-12.671887863170001	-3.00007755165	-0.0	0.34800000000000003
5786393	-15.81648	-13.08619471384	-2.7295342442500004	-0.0	0.5800000000000001
5818527	-12.55123	-10.19791025313	-3.32208251241	-1.2363064962299999	0.17400000000000002
76137568	-12.10266	-10.41893358257	-2.18104175803	-1.6320641505300002	0.17400000000000002
7228750	-12.61597	-11.63429259992	-2.7299010659900005	-0.4630429173600001	0.17400000000000002
6709046	-12.00697	-9.091636269199999	-2.16899345239	-0.74976014448	0.0
41876515	-12.22247	-12.75597179227	-2.59849226264	-1.1580067519200001	0.34800000000000003
5470140	-15.75862	-12.33704390714	-2.87390069241	-0.54711718704	0.17400000000000002
7278342	-12.23488	-12.96689401747	-2.56826138188	-0.27804075309000004	0.29000000000000004
9247566	-11.96191	-10.550975980390001	-3.6851189045500004	-0.52124637348	0.232
5677114	-12.55506	-9.825548239720002	-2.73073465612	-0.0	0.058
5777702	-12.06424	-10.86373382404	-2.65319008332	-0.66754218204	0.17400000000000002
5770688	-11.94579	-10.472158768209999	-1.4732241417000003	-0.0	0.638
6077561	-12.10487	-9.0228262758	-3.39644772967	-0.39545218602000004	0.058
6043442	-12.20546	-10.207674277169998	-2.8552492447600004	-0.5730232469400001	0.116
53050029	-11.95393	-10.44259755058	-2.9090885763200003	-0.0	0.116
5907592	-11.87758	-12.009452513069999	-3.90689911814	-0.82036443789	0.406
7923308	-13.19916	-12.32674705979	-3.1083800922800005	-0.8516396902500001	0.232
7922877	-11.93981	-10.99594513524	-2.4466378816000005	-0.59778380079	0.17400000000000002
5301383	-12.43924	-10.574100264010001	-2.14451248487	-0.45279798120000003	0.232
5200578	-14.78827	-12.3617641795	-3.2731174211600003	-0.020577988170000002	0.406
5774312	-13.33434	-10.273754528549999	-2.84950809877	-0.21248843508	0.058
5470676	-12.0229	-9.52039369049	-2.8112523787400003	-0.39161620935	0.058
5875287	-12.03898	-9.75475153323	-3.0816904791400006	-0.6116121148500001	0.116
5887727	-11.87557	-11.23547800619	-1.9073888824000003	-1.5124498213500002	0.232
6186380	-11.97848	-11.45056438394	-2.4899940369899998	-0.8404666004700001	0.232
7271720	-11.97041	-11.697327486690002	-2.37291793394	-0.0	0.17400000000000002
5610849	-12.31427	-10.85617766553	-3.61484764235	-0.0	0.17400000000000002
5326117	-12.50638	-9.915520560680001	-2.4833116390400005	-0.10847061135000001	0.232
6076196	-12.06717	-8.98746264347	-3.4123539760000003	-0.37758229164	0.058
5341763	-16.90337	-13.82395874415	-3.08028666707	-0.0	0.406
7921616	-12.21768	-10.85041308669	-2.9216615142000006	-2.3676141456	0.34800000000000003
7773689	-11.94518	-11.94608679343	-3.32247458383	-0.16781957352000001	0.29000000000000004
6804910	-11.96139	-10.27534705371	-3.82382872301	-0.3104615115	0.232
5806013	-13.86264	-12.12966890582	-3.9246762956200003	-0.24439812156000004	0.17400000000000002
58437674	-11.85565	-11.16222821721	-2.76067060659	-0.7073352999	0.232
13536417	-11.99281	-11.044319401980001	-3.0513284403200003	-0.0	0.17400000000000002
5823827	-12.77832	-10.00872324877	-3.26529282588	-1.00248815106	0.116
5339114	-13.28358	-11.58976501535	-1.6940645060900001	-0.0	0.232
7764493	-12.55239	-13.24766669124	-2.74437544505	-0.96527389041	0.34800000000000003
7922656	-12.07367	-11.45784914459	-3.2296448366900004	-0.20609709876	0.232
5234392	-12.10824	-9.51920686236	-3.2982615434700002	-0.0	0.058
9318315	-12.03057	-10.48761427733	-2.2874688085400003	-1.3646266713900002	0.17400000000000002
5880333	-11.94969	-10.495593757109999	-2.15307493191	-0.0	0.058
5425135	-11.97014	-11.26958502214	-3.2185949454800005	-0.27656628120000004	0.232
5470515	-13.51291	-11.672235350080001	-1.8387167666	-0.0	0.34800000000000003
14721902	-12.05287	-9.77242657097	-2.01259412895	-0.9740149827300001	0.058
5672936	-16.14291	-13.211104027729998	-2.37864540302	-0.5570801524800001	0.522
5741321	-14.27988	-11.110012159150001	-3.1673314319700006	-0.0	0.116
7663820	-12.50794	-9.207251529519999	-2.56083411837	-0.7398970436700001	0.0
5528138	-12.10778	-9.34721295353	-3.1137512603200004	-0.0	0.058
5749624	-12.282	-11.00586492942	-3.16668230478	-0.25809719904	0.17400000000000002
75970318	-11.93638	-11.60274715435	-2.3738700572900004	-0.05215870881	0.17400000000000002
5251284	-16.47762	-12.9644722108	-3.1573216873000005	-0.35306258778000005	0.232
5525505	-11.85547	-12.14545594358	-2.81887111899	-0.35780322051	0.29000000000000004
9323385	-11.88047	-10.71780716426	-2.0972791008400002	-0.45522410427000004	0.116
7784804	-11.95517	-11.99945989303	-2.6891312493500004	-0.76449898899	0.29000000000000004
7979636	-12.04627	-9.73404502937	-3.4216255182200004	-1.00341043029	0.17400000000000002
81891306	-12.58703	-13.06556406257	-2.0791424661100004	-0.38200570731000005	0.232
6159175	-12.27712	-9.88114110521	-3.29712004752	-0.5445030834900001	0.116
5113720	-11.87256	-10.465576641099998	-3.4928555668800003	-0.0	0.17400000000000002
6525930	-12.12514	-12.15814726757	-3.0992765305700005	-1.1246872118400002	0.34800000000000003
66116722	-11.85726	-12.150636980899998	-2.6403169548	-1.22870503557	0.34800000000000003
5546412	-12.08697	-8.97246146824	-3.1143049998300003	-0.0	0.232
99617600	-12.59581	-12.6245132202	-3.3589789580000002	-1.7691724131300002	0.406
5759447	-13.57292	-10.89170738652	-2.2299745858000004	-0.45115315200000006	0.464
5471339	-13.18275	-9.93268964808	-2.4997972252500005	-0.7477217311500001	0.232
5785075	-15.03226	-11.85234252351	-3.18028872609	-0.0	0.116
7222053	-12.67105	-11.67091636509	-3.22513391122	-0.0	0.17400000000000002
9009805	-12.16673	-10.91120913292	-3.1668601046100004	-0.9327650161500001	0.232
5489810	-14.78823	-11.79465981975	-2.9940071077500003	-0.0	0.29000000000000004
7766634	-12.27183	-12.38265053408	-2.4835644865300006	-0.9932242380300002	0.29000000000000004
38329715	-12.09091	-10.50414899086	-2.14706691083	-0.85085252199	0.116
6890687	-11.98612	-10.541641180300001	-3.6976329265100003	-1.24240411305	0.29000000000000004
5644058	-12.3534	-12.468123752390001	-3.33592389602	-0.16516434924000004	0.29000000000000004
5753849	-12.02157	-9.9509005927	-2.07435204071	-0.0	0.464
6022196	-12.16288	-10.761626639510002	-1.97236262146	-1.92035571417	0.232
7924206	-12.54153	-11.63580197554	-2.7294977724900003	-0.37668350997	0.17400000000000002
5697456	-12.3892	-10.754247271	-2.8977258696300003	-1.6337089797300002	0.232
7850921	-12.01323	-11.900539335469999	-2.92250737848	-0.0	0.232
5693737	-12.13714	-8.927016659700001	-2.73438639109	-1.89522507375	0.116
5405767	-12.69712	-10.78499391775	-1.80626075779	-0.10636757973000001	0.17400000000000002
5535153	-12.09094	-11.387289781120002	-2.7401114053400004	-0.7888130892	0.232
7253992	-12.01742	-10.20735382396	-2.93878290138	-0.9805120580700001	0.17400000000000002
5536552	-11.99381	-10.800539779209998	-1.19413872728	-0.0	0.29000000000000004
6378467	-12.08973	-10.62044362534	-2.8664036415900003	-0.7245472626000001	0.17400000000000002
5557490	-11.97327	-9.6291191988	-2.34400073792	-0.0	0.116
5538062	-13.18058	-10.620885314779999	-2.55777399743	-0.0	0.116
73933737	-12.1976	-11.821175453600002	-2.3732991339700003	-0.1435700916	0.17400000000000002
6425146	-12.00122	-11.05168069474	-3.85966818894	-0.5979600324900001	0.29000000000000004
5326153	-11.91335	-8.83541362631	-3.0791791880500003	-0.0	0.17400000000000002
5798614	-12.27569	-10.00823323249	-2.70336330162	-0.28179448830000003	0.058
14072669	-12.06615	-9.801962664209999	-2.24732146665	-2.13223908708	0.17400000000000002
5651221	-13.55323	-10.66397135648	-2.8878599078600002	-0.0	0.058
5693095	-12.2069	-11.14946054854	-3.20142586446	-0.0	0.17400000000000002
10845672	-12.50284	-11.12675877132	-3.28425603694	-1.01541180906	0.232
5539016	-12.65752	-10.21382405832	-3.1865772991700005	-0.0	0.116
5105343	-14.46966	-10.56041145421	-3.9107104170600007	-0.0	0.116
5752157	-12.49941	-11.09537983802	-2.7704450382700005	-1.55878700967	0.232
5540307	-12.94163	-11.759831606719999	-1.9404687687200002	-0.0	0.464
5742507	-13.61976	-12.9678981702	-1.9409365891800003	-0.30331825326000006	0.464
5429054	-12.41909	-11.45511053329	-3.1417205412700007	-0.0	0.17400000000000002
7771399	-11.94968	-11.929023059179999	-3.32230975953	-0.19395473463000001	0.29000000000000004
5466270	-11.97671	-9.30319754759	-3.10485706054	-0.9611618174100001	0.116
7924372	-12.2226	-12.34873793511	-2.59717191479	-0.13674992481	0.232
5768972	-12.44693	-10.78852766846	-0.9718601832000001	-0.69124534569	0.232
9288193	-12.0199	-11.67512549977	-2.79944780265	-0.35582942547	0.232
6991589	-12.1496	-10.0786241951	-3.1823094018700004	-1.01959437474	0.17400000000000002
6109360	-11.92947	-11.680850796989999	-3.2561250879000005	-0.48021963372000004	0.29000000000000004
5378105	-12.02301	-9.59100772151	-1.4996430221600001	-1.63664030034	0.29000000000000004
5338348	-13.13576	-9.93366900696	-3.2041724685400004	-0.0	0.232
7922144	-11.91758	-10.86644861206	-2.9241230073100004	-0.21502617156	0.17400000000000002
53065539	-11.90685	-11.97573677855	-2.43943505969	-0.9742852046700001	0.29000000000000004
6997779	-11.94212	-10.93259776817	-2.40617772423	-0.0	0.116
5881706	-12.91717	-12.28382200971	-2.89633398102	-0.0	0.17400000000000002
5635020	-12.43467	-9.74893848391	-3.2513497421700004	-0.16502923827000002	0.058
5578464	-13.0104	-10.879592080530001	-2.8889070682	-0.0	0.17400000000000002
5626464	-12.24475	-11.205574724189999	-2.5055513467700004	-0.6834265326000001	0.17400000000000002
5380768	-12.82362	-10.05483062734	-2.7681073387300006	-0.0	0.17400000000000002
5173687	-12.17136	-11.32374575802	-2.3792885684800003	-3.45144497499	0.406
5758997	-12.26368	-10.463097588530001	-3.8511597481600006	-0.81377337231	0.232
7910507	-12.10481	-11.65410445271	-1.7275087593200003	-1.5585990291900003	0.232
7697916	-12.46318	-12.279589700100003	-3.4742332265000004	-0.35295684876000005	0.29000000000000004
5469218	-12.02743	-10.569476366409999	-2.86153466163	-0.0	0.116
5952137	-12.32179	-9.82498383326	-3.17849214122	-0.04100911659	0.058
12980619	-12.03691	-12.87501228862	-3.38546482025	-0.0	0.34800000000000003
5305415	-15.23114	-11.944111880329999	-2.56204785646	-0.7257985076700001	0.406
7591751	-12.7298	-12.377777829740001	-2.30412658354	-1.0243232586900002	0.232
7253484	-12.16834	-10.54817529127	-3.04509282143	-0.0	0.116
7197252	-11.9702	-10.81504998576	-2.52187000454	-0.7336173207600001	0.17400000000000002
7971963	-11.9626	-10.96867287625	-3.9244841175000005	-0.56739558132	0.29000000000000004
5100784	-11.99208	-9.318959945149999	-2.6735171277900003	-0.0	0.116
5641218	-12.73439	-11.10573738643	-3.8640682963700006	-0.0	0.17400000000000002
97516234	-12.79336	-11.034435879890001	-3.30613383259	-0.6963149442600001	0.17400000000000002
5230391	-13.84606	-11.79652942737	-2.85848716553	-0.0	0.116
7612595	-11.93368	-9.866498010390002	-2.5595898702500004	-0.20429366103000002	0.058
5746159	-12.07288	-10.574806749439999	-2.39157779815	-1.22592057471	0.17400000000000002
5696896	-12.14551	-11.75308000015	-3.2323956490500003	-0.0	0.232
5162593	-13.1397	-12.028457313670001	-3.1302459644700003	-1.81372378689	0.29000000000000004
7651548	-12.36458	-11.492915929050001	-2.62801790581	-1.8629922958200003	0.29000000000000004
5379626	-13.37487	-10.18385801664	-3.1915293926600006	-0.0	0.232
63081449	-11.8958	-10.8492663636	-2.8389866973900006	-1.33781008104	0.29000000000000004
5777950	-12.08841	-10.854111989829999	-2.4367379029	-0.91451916081	0.17400000000000002
5668790	-13.0279	-11.05421868282	-2.7351109166300005	-1.52218368558	0.17400000000000002
55854514	-11.94648	-11.117187222290003	-2.84906973627	-0.77873263596	0.232
92518530	-12.48721	-10.832696243120001	-3.4972805733000003	-1.0801123405200002	0.232
6031222	-11.85267	-11.46640322839	-2.24106620912	-0.5685528361500001	0.232
7262443	-12.73332	-12.272356932769998	-3.08001312887	-0.36020584602	0.232
6114787	-11.91224	-10.120410392810001	-2.7359613398800002	-1.8361287103500001	0.232
5703251	-12.019	-9.88232159714	-3.66955843856	-0.57355194204	0.17400000000000002
6872962	-12.03171	-9.613015842320001	-2.9150843232500003	-0.20627333046000002	0.058
5341692	-12.33224	-10.04035044007	-2.29328219667	-0.0	0.29000000000000004
5792177	-15.41311	-12.64712416159	-2.76650538681	-0.0	0.464
5326099	-12.24678	-9.74990226724	-3.21426427467	-0.0	0.058
5473552	-12.70115	-8.12545544572	-3.6493464204100006	-0.9199529715600001	0.0
7686101	-11.94347	-11.811976923790002	-3.3916306518300003	-0.22481877969000003	0.29000000000000004
5380772	-12.93905	-10.40956489909	-3.5877038856600003	-0.83376392148	0.17400000000000002
5227284	-12.88842	-10.03874376505	-2.39203159101	-0.45794982123000005	0.17400000000000002
5263150	-14.85844	-11.83492468096	-3.0262516504900003	-0.0	0.232
7942228	-11.91253	-12.0330801666	-2.06666386384	-1.2980580839100002	0.29000000000000004
5105554	-13.27339	-10.875161806069999	-2.98969046454	-0.18218245707000003	0.116
5649209	-14.94342	-11.888396180900001	-2.9796165436	-0.9494071630200001	0.6960000000000001
5548830	-11.99501	-12.322218966400001	-3.1699889607900005	-0.70984366443	0.34800000000000003
99007600	-12.23256	-10.02152645926	-3.3871681215800002	-0.9666896184	0.17400000000000002
5229732	-13.70242	-11.746482041	-1.95589351768	-0.0	0.406
5476455	-12.72785	-10.258397512590001	-2.87836672956	-0.33715473966000004	0.058
5304920	-13.55147	-11.225043982070002	-3.1177954174000004	-0.0	0.116
5758398	-14.79474	-11.01086618952	-3.3966725219600007	-0.38947793139000003	0.058
7259552	-12.35053	-11.374110780319999	-3.1415827201	-0.0	0.17400000000000002
9020238	-12.59933	-10.65737450641	-2.9547817298700005	-1.19788798563	0.17400000000000002
6435079	-12.0072	-12.01483207381	-2.9251768307600003	-0.5787625259700001	0.29000000000000004
5474863	-15.40928	-12.414626600380002	-2.8349583213600003	-0.1583735544	0.464
5104509	-13.9339	-10.44823109299	-3.4862555810800004	-0.0	0.34800000000000003
6069972	-12.08495	-12.155839468109999	-2.7552797999100003	-0.0	0.232
5379150	-13.16496	-10.2454006697	-2.9197940899500003	-0.0	0.29000000000000004
6510321	-12.25466	-13.0185510674	-2.66741021213	-0.14836359384	0.29000000000000004
5777703	-12.03634	-11.85737816113	-2.28982965362	-0.0	0.17400000000000002
80607036	-11.9376	-9.052843158120002	-2.3489338941500004	-1.23148949643	0.058
7767035	-12.33837	-10.9297666995	-2.6725814868700004	-0.54698795046	0.17400000000000002
6281275	-12.35562	-11.530330932130001	-2.8852171080200004	-0.8238538255500001	0.232
5788515	-15.59719	-12.570912511849999	-3.03003103662	-0.0	0.232
6112344	-12.30712	-11.858703146060002	-2.88585676658	-0.43740707940000007	0.232
5924726	-12.10913	-10.614554905190001	-2.5080181002300006	-1.11161669409	0.17400000000000002
20459582	-12.14072	-10.83510672182	-2.90327799371	-1.23527260359	0.232
5802057	-12.62852	-9.75375498734	-2.8762503154100005	-0.0	0.058
7923712	-12.10809	-12.381905666720002	-2.55996616062	-0.0	0.232
5830295	-12.20244	-10.55540849025	-3.78666855854	-0.0	0.17400000000000002
7003090	-11.94899	-10.538656411109999	-2.6025311593700002	-1.6016935542300001	0.232
25633046	-11.98736	-10.34041970522	-2.3807621678600004	-0.66701348694	0.116
6758907	-12.06287	-10.94136898753	-3.9465828478500002	-0.0	0.232
5807934	-16.872	-13.201991947060002	-3.6679273793700005	-0.0	0.6960000000000001
77674534	-12.44504	-10.596104946229998	-2.26101450839	-1.4036032490400001	0.17400000000000002
6238400	-12.12441	-11.31731039891	-2.2143162773	-0.71654046903	0.17400000000000002
6401504	-12.26884	-11.58273984852	-3.09488448901	-0.46206189423000005	0.232
7625364	-11.89642	-8.40732948175	-2.5637581715900004	-1.62526160691	0.058
5230324	-14.84386	-11.727582133789998	-3.1148345417300005	-0.0	0.406
5622598	-13.95919	-10.59754122526	-3.35811696198	-0.0	0.29000000000000004
5784197	-14.97228	-11.741586498139998	-3.2342378236200005	-0.0	0.232
7246428	-11.95885	-11.25008703084	-2.58878481275	-0.20956886325000001	0.17400000000000002
5640629	-12.97493	-10.859574633460001	-3.05279011624	-0.57923835156	0.116
5705494	-17.17129	-13.399121391169999	-3.7730491617	-0.0	0.464
21113956	-11.96451	-10.99130833781	-3.97467767582	-1.1943692260200003	0.34800000000000003
5585725	-13.05116	-10.50655743126	-2.5436527632	-0.0	0.406
16916685	-11.91203	-12.08751910775	-3.92282780863	-1.4741194266	0.464
5663517	-14.5061	-10.978258485900001	-3.5261086940600004	-0.0	0.406
7624562	-12.35738	-10.844961833709998	-2.96362332615	-0.0	0.116
5626036	-12.55486	-10.61095162113	-3.4156076778200006	-0.0	0.116
7921856	-12.17497	-11.87729947862	-2.7467759181000004	-0.39714988473	0.232
31422747	-12.42586	-11.46380254871	-2.13859915009	-0.27816998967	0.116
7923035	-12.42831	-11.303396880240001	-3.0890132370300005	-0.22075370181000004	0.17400000000000002
7365665	-11.98384	-11.67539440137	-2.4758142375300003	-0.28683471492	0.232
7258370	-12.4857	-11.771260540889998	-3.01525997382	-0.6206351778900001	0.232
5719836	-13.01449	-11.207547943319998	-1.8120643266	-0.0	0.17400000000000002
7660834	-12.46643	-12.217507875999999	-3.1971537588800003	-0.69774829542	0.34800000000000003
5629252	-17.06971	-13.13366495985	-3.93747893545	-0.0	0.638
80153606	-12.65682	-10.48204089719	-2.19667411547	-2.19662827587	0.17400000000000002
7924009	-11.95349	-10.418863376529998	-3.7415140648300005	-0.587439	0.232
87751840	-12.0546	-8.880820972569998	-2.7247957209700004	-1.8501215073300001	0.116
5133515	-12.43806	-9.47227487324	-3.3707891451300003	-1.0418818104	0.116
5748340	-13.34459	-11.033892557820002	-3.09118821641	-0.0	0.232
6524964	-11.95666	-12.38266105263	-3.0154774016200006	-0.40307714424	0.34800000000000003
38101334	-13.03039	-11.307899032889999	-2.4222358193300004	-1.5845579586	0.17400000000000002
5680391	-16.92266	-13.83869448772	-2.7988617996600005	-0.28758663684	0.464
5282818	-11.96308	-9.247332114089998	-2.7156532326700002	-0.0	0.34800000000000003
5480371	-14.41943	-12.903413806719998	-1.35227501829	-0.16187469084000003	0.232
9266607	-12.03331	-11.344961318880001	-2.7058637213200005	-0.7931131426800001	0.232
6599906	-12.66842	-11.88180313896	-3.6647795859300003	-0.0833575941	0.232
5579928	-12.14819	-9.97667035087	-2.5302451831200004	-2.4870757406400004	0.232
5684098	-12.16877	-10.36370200813	-3.2306264180000004	-0.0	0.116
6024108	-12.20444	-10.736759718950001	-1.9359501280700002	-2.03401341189	0.232
5622925	-14.65438	-12.782536210489999	-1.87150768436	-0.0	0.522
5538705	-12.61999	-11.35101813346	-2.74631405937	-0.0	0.116
7804719	-12.40552	-11.075507721600001	-2.9597713471900002	-1.26879774732	0.232
5330162	-12.18206	-9.36733367466	-2.51506661854	-0.30016958022	0.29000000000000004
7588482	-11.90471	-10.45080317962	-2.8427439900500002	-0.0	0.116
5570907	-15.01324	-12.180805176209999	-3.70720395799	-0.0	0.522
7308004	-12.0137	-10.97301534294	-2.40849017409	-1.4453525387700001	0.232
26775205	-12.03985	-11.554238935589998	-2.5960672412900005	-0.0	0.17400000000000002
5801091	-12.59364	-9.74512553787	-2.40117127379	-0.44680610340000004	0.116
5786138	-16.18342	-12.921988205320002	-3.25766075941	-0.0	0.34800000000000003
24863921	-12.00032	-11.360336619169999	-3.12263178319	-1.03040325234	0.29000000000000004
5671929	-15.41456	-11.35713017446	-3.1462970457700004	-0.90761087817	0.29000000000000004
5173194	-12.10259	-10.451910715070001	-3.0654826394100003	-0.0	0.116
5475161	-13.79513	-10.634634420040001	-3.16395604072	-0.0	0.406
5654017	-12.3254	-9.89370074369	-3.15353107909	-0.0	0.058
5224167	-12.23837	-11.800256580509998	-2.7246600039400004	-0.57607792974	0.232
5784222	-12.56308	-10.0870065538	-2.4589281633400004	-0.74371539717	0.116
6872148	-12.25675	-9.78696449396	-2.9799125259600006	-0.20364160374000004	0.058
6250535	-12.15739	-10.177432646799998	-4.01258551137	-0.8112885053400001	0.232
5105209	-13.81958	-10.986707191129998	-2.8339357093200004	-0.0	0.34800000000000003
5762317	-13.34325	-10.93712731719	-2.40764325774	-0.0	0.34800000000000003
6238329	-12.3678	-9.999362572859997	-3.4784744713600007	-1.0664896301100002	0.17400000000000002
5747207	-12.91955	-12.230132032350001	-3.0988006442400002	-0.61118915877	0.232
7278198	-12.15418	-10.33754640543	-2.98339733249	-0.9692743500000001	0.17400000000000002
7220068	-12.53797	-9.473124323190001	-3.8059936816800004	-0.0	0.058
5556247	-12.30879	-10.18306468488	-1.58395871748	-0.5407610970600001	0.34800000000000003
7330581	-12.74834	-12.281271072700001	-3.0860428927300005	-1.10410922367	0.29000000000000004
32059347	-11.86316	-10.885053291459998	-2.36802580844	-0.68995297989	0.17400000000000002
7242453	-12.14359	-10.44393572919	-2.3193104084700003	-2.22372683694	0.232
6611070	-12.00795	-12.133547752299998	-2.33466466874	-1.7555144563800003	0.34800000000000003
5706087	-13.38586	-11.4732024103	-2.6974541751200003	-0.0	0.406
5809659	-14.70756	-11.706497897099998	-2.66840652242	-0.32958852534000005	0.29000000000000004
9278100	-11.98137	-11.24587412292	-2.49498435569	-0.34605444051	0.17400000000000002
5652637	-12.13377	-9.80516543566	-4.13202842123	-0.32279185611000005	0.17400000000000002
5914710	-12.60136	-10.850396085729999	-3.2203490968600006	-0.0	0.116
5702940	-12.31851	-12.15397809463	-2.9642699985100003	-0.08141317101000001	0.232
62030133	-12.29828	-11.34993197521	-3.5834892932400004	-1.67777865351	0.34800000000000003
5674702	-12.03236	-9.85302390118	-3.5073513380300003	-0.08128393443	0.116
5189252	-14.12979	-10.811725258329998	-2.0563521750800002	-1.25943396966	0.17400000000000002
5379221	-14.77457	-11.77703477613	-2.4564600071200005	-0.53436388635	0.232
5626300	-12.80636	-10.34649051485	-1.98379266063	-0.4770298399500001	0.116
5628173	-12.09118	-11.24378189807	-3.1704771212700003	-1.9273051175400002	0.34800000000000003
5406395	-15.08189	-10.837127379210001	-4.24301268829	-0.0	0.34800000000000003
5637814	-13.88262	-11.102456544319999	-2.41681730814	-0.35980051311	0.17400000000000002
5668062	-12.29917	-9.471528814879997	-2.8272329713500004	-0.0	0.17400000000000002
60871805	-12.61179	-11.253782566679998	-2.71444756045	-0.12530661309000002	0.116
12735197	-12.27272	-11.58996122065	-2.9764929477700006	-1.2907738403100002	0.29000000000000004
49970662	-11.87413	-10.668968464870002	-2.59263258343	-0.0	0.29000000000000004
5332359	-13.10313	-10.414307571670001	-2.3691844882	-0.31841543556	0.232
7966036	-11.97317	-10.795321172109999	-2.09889192415	-1.17738636453	0.17400000000000002
29518279	-12.36738	-10.68093909827	-2.22453818942	-0.9121400328600001	0.116
5213653	-12.25288	-9.55827020748	-3.2518599961200003	-0.15943094459999999	0.058
90252271	-12.52251	-10.3647587738	-3.2589663782800002	-1.09861666902	0.17400000000000002
5317398	-13.64536	-10.1541930278	-3.4912073238800003	-0.0	0.29000000000000004
5569530	-14.21824	-12.12306420727	-2.09581497009	-0.0	0.464
5227418	-13.666	-10.65406723452	-2.53915972292	-0.47391641325	0.232
6485332	-12.1396	-12.315638555110002	-2.5581061008600003	-1.5281873121600003	0.34800000000000003
5676389	-18.13144	-14.645112698999998	-3.4864477592000003	-0.0	0.464
6122849	-12.32877	-11.3096004648	-3.18370900566	-0.0	0.17400000000000002
5523880	-15.26013	-12.26809839017	-2.4366940666500003	-0.5591303145900001	0.29000000000000004
5806610	-15.65811	-11.789714451840002	-3.8703442446100005	-0.0	0.34800000000000003
5714543	-15.15081	-12.488755957179999	-2.5431961648200003	-0.11783438901	0.29000000000000004
5629675	-12.63578	-10.27599452381	-1.9624928021000003	-0.39690903474000006	0.406
7270234	-12.0555	-11.152242198509999	-3.02041511682	-0.0	0.17400000000000002
5655073	-15.61969	-12.54873480226	-3.0707734994400004	-0.0	0.34800000000000003
5728287	-11.89768	-10.70870143632	-2.0102343359400003	-0.5660092252800001	0.116
5304430	-11.95969	-10.499712685649998	-2.00555367651	-1.55335907331	0.17400000000000002
99006200	-11.8612	-10.87234993628	-2.2430412952000003	-0.8237245889700001	0.17400000000000002
7157726	-12.33123	-9.88304627976	-3.00631211847	-0.8828561987100001	0.116
76853719	-12.5827	-10.971296884529998	-3.25089244241	-0.5596237633500001	0.17400000000000002
5849362	-13.20466	-11.438315846690001	-3.4633607844300003	-0.6203355840000001	0.17400000000000002
7971782	-12.5638	-11.615563061909999	-2.7714830806700004	-0.37967944887	0.17400000000000002
5530360	-12.19344	-11.08807914657	-1.5940947105500003	-0.2204071128	0.17400000000000002
5795791	-12.46129	-10.39454140846	-2.32810641505	-0.46630320381	0.058
7762271	-12.11729	-11.99669750156	-3.72116773241	-0.64497277566	0.34800000000000003
5659463	-14.28253	-11.745103915689999	-2.5345733991	-0.0	0.232
6667330	-12.07797	-9.546531478590001	-3.2409184681200003	-0.0	0.058
5784219	-15.88658	-12.20992019578	-3.6754167150100003	-0.0	0.232
5811613	-12.90573	-9.39064244004	-3.5167649097000004	-0.0	0.34800000000000003
6613599	-12.49293	-11.75524951481	-2.71934179009	-0.9410772780000001	0.232
5786386	-12.8565	-11.014293003619999	-2.5946462454100003	-0.0	0.232
6075048	-12.31123	-10.804792478269999	-3.2099237845400004	-1.89973073088	0.29000000000000004
5773680	-14.52077	-11.73628302104	-2.7848331475900006	-0.0	0.29000000000000004
5693527	-12.05996	-13.188436818589999	-3.1069980229900005	-0.0	0.34800000000000003
6507783	-12.26037	-12.974654362600003	-2.9864665713700003	-0.59875894953	0.34800000000000003
5320921	-14.10864	-10.70823783836	-3.40022746649	-0.0	0.29000000000000004
5107763	-12.97551	-10.235459584309998	-2.7368191276200005	-0.0	0.17400000000000002
11828352	-11.94917	-11.212869139530001	-2.61661522046	-1.6092127734300001	0.29000000000000004
7239716	-11.90365	-11.394613802470001	-2.79007491102	-0.5005215255600001	0.232
5244193	-14.86106	-11.171095682999999	-3.3251338661000003	-0.36172731303000005	0.116
7854593	-12.55614	-13.15584168991	-2.9000484895	-0.17565600978	0.29000000000000004
5688126	-14.47378	-11.543017247589999	-2.92694851664	-0.0	0.464
5791018	-12.26096	-11.09188141063	-3.6952377138100005	-0.34030341270000003	0.232
5379295	-12.9383	-9.678093690330002	-3.2621937783500004	-0.0	0.232
5332233	-14.41283	-10.67324944052	-3.3818695463700004	-0.35671058397000005	0.29000000000000004
5787196	-12.27231	-10.12029995717	-2.48533161344	-0.38406174381	0.232
7922288	-12.3797	-11.69979634798	-3.0246013033500003	-0.5518343222100001	0.232
6606104	-11.9684	-11.38435873368	-2.89007416452	-0.49340176488000004	0.232
7252379	-12.34172	-10.73822663631	-2.8097622969300002	-1.6826837691600003	0.232
70800750	-11.99232	-10.875413707919998	-2.4686864632800005	-1.4615423576100002	0.232
5803396	-11.96403	-9.999265801289997	-3.94302614987	-0.820064844	0.232
5555833	-12.55979	-9.83424407338	-3.4566597999100006	-0.0	0.116
83692046	-12.07517	-9.116229848709999	-3.14591759919	-1.92883833333	0.17400000000000002
5311553	-12.09763	-11.688557827999999	-2.7511893517500003	-2.60308319436	0.406
7922599	-13.33581	-11.881187899219999	-3.5078160022800007	-0.28127754198000005	0.17400000000000002
5586186	-12.19056	-10.550742040999998	-2.7860770450200003	-1.7026743183300002	0.232
5351960	-12.33666	-9.1621356816	-3.1746524364100006	-0.0	0.0
6586250	-12.41838	-12.541429864569999	-2.5158146403100003	-1.7156155995000002	0.34800000000000003
9289222	-12.18247	-11.45092441232	-2.6865908509900005	-0.18316348020000003	0.17400000000000002
5374454	-14.74527	-11.061931114080002	-3.16076721655	-0.52542893916	0.29000000000000004
5391114	-13.87166	-10.6673665516	-3.2065960871300003	-0.0	0.232
7649585	-11.86821	-11.2469094442	-2.3618841744700005	-1.03687683012	0.232
5333334	-11.97823	-10.26651773031	-1.63514052022	-0.07451663715	0.34800000000000003
5174646	-13.32786	-9.8072773273	-2.1735520717	-1.35073373904	0.116
98322667	-11.88353	-10.48668793621	-1.7773365479700003	-1.00960791174	0.116
5676600	-11.97679	-9.26698822562	-2.44285288443	-0.26972261685000004	0.17400000000000002
5538189	-12.03013	-10.23490158993	-2.49711479744	-0.0	0.17400000000000002
7924326	-12.32578	-11.4540782216	-2.7603321907400002	-0.9982527158700001	0.232
5401302	-12.64819	-9.01435652635	-3.63220539459	-0.0	0.0
5401759	-11.97677	-10.71081423262	-2.6658973354700004	-0.0	0.116
5810274	-12.82026	-11.05530072383	-1.3875586405700002	-0.37926236718	0.34800000000000003
5677153	-15.63591	-12.03886522111	-3.60256998545	-0.45347353605000007	0.116
7965979	-12.17734	-11.59650847271	-3.0654619487000003	-0.36077566185	0.232
5704425	-12.09831	-9.982076266310001	-3.00844431367	-1.2292866001800002	0.17400000000000002
5672015	-12.56145	-10.31548716378	-2.61344989252	-0.0	0.116
5790935	-13.61775	-11.15689329468	-3.0681847058600002	-0.18867365802000002	0.116
5532312	-13.47407	-10.10503737457	-2.74438666713	-0.62816614587	0.34800000000000003
5777566	-11.98675	-11.973342739960001	-2.1169889309100003	-0.0	0.17400000000000002
5759545	-13.72431	-10.71902500567	-3.0043615806900004	-0.0	0.406
5100643	-12.13751	-9.00357864461	-4.550565012770001	-0.0	0.116
7923019	-11.86926	-11.75890763951	-2.8694651652900003	-0.01581385788	0.232
5279182	-12.15513	-9.453742509109999	-2.7012696823200004	-0.0	0.0
5785414	-12.92843	-10.822997638519999	-2.5875279397900006	-0.26947001808000004	0.232
5283064	-13.4858	-10.12690910437	-3.3584399474700004	-0.0	0.29000000000000004
5359326	-12.35869	-12.26431582964	-1.5375466494300003	-0.0	0.17400000000000002
5341691	-12.44141	-9.65929253711	-2.78007288153	-0.0	0.29000000000000004
7579671	-11.91251	-9.81751401902	-2.3292279216700003	-0.46094576013000005	0.058
7852212	-12.32899	-11.690651862680001	-2.4022328124200003	-1.11735597312	0.232
7879892	-12.06822	-11.222619010379999	-2.6483614327100002	-1.7295496525800003	0.29000000000000004
5468546	-12.26092	-11.58797342848	-3.37488836054	-0.16397772246	0.232
9001794	-11.89494	-9.48723437335	-2.40870935534	-0.0	0.0
83935408	-11.98139	-11.17511909173	-2.40318703991	-1.21121697654	0.232
5697788	-12.27557	-11.84035269743	-3.3047984050700006	-0.0	0.232
7972242	-11.98833	-8.96761396917	-3.9376044824700007	-0.48390287625	0.17400000000000002
5262167	-12.44687	-10.13017447541	-3.0456697064800005	-0.0	0.058
5626778	-11.93292	-9.38510792004	-3.50473098235	-1.1356781955300002	0.17400000000000002
9325337	-12.2442	-10.8701321166	-2.14880843737	-1.37644006968	0.17400000000000002
7924132	-12.00607	-11.80618076374	-2.8224411431900003	-1.93994093043	0.406
7658722	-12.30858	-12.479003268949999	-2.7062578968800004	-0.0	0.232
6705403	-12.4017	-9.99627788249	-3.8241604757500003	-1.4813801726400002	0.232
7318799	-11.97726	-11.049686506819999	-2.2552852858600003	-1.47460700097	0.232
5568934	-12.1393	-12.29150858021	-2.99229433779	-0.4018082760000001	0.29000000000000004
5782629	-13.58411	-11.611209580799999	-4.35127174336	-0.0	0.17400000000000002
6556370	-11.95623	-12.738975233009999	-2.66669164832	-1.4448708387900002	0.406
86066897	-11.85282	-10.11922471172	-1.9818957784200002	-1.1358133065	0.116
5244203	-14.81375	-11.57984292014	-2.9271375385500003	-0.30730696407	0.17400000000000002
5244178	-13.73024	-10.63325357699	-3.09543226679	-0.0	0.116
5202340	-12.21468	-10.394875052729999	-2.53423393118	-0.0	0.17400000000000002
7087111	-11.91864	-9.55210833369	-3.8753510457400004	-0.5834209172400001	0.17400000000000002
5786888	-12.7014	-9.691154445570001	-3.7439962486500007	-0.0	0.058
7763979	-12.41281	-12.46866053803	-2.6225229442000004	-0.9526439519100001	0.29000000000000004
5812748	-13.35659	-10.33218034582	-2.80619542894	-0.21642427638000003	0.29000000000000004
6593466	-11.99747	-11.489378556399998	-3.30530690557	-0.0	0.232
9322314	-12.09017	-11.119288960159999	-2.24909911426	-0.13725512235	0.116
5374249	-13.01285	-9.67270551364	-3.3391432302200004	-0.0	0.232
5241013	-12.79821	-10.16199242444	-2.63850844647	-0.0	0.116
5682668	-13.52864	-10.34668894351	-3.1809045377300005	-0.0	0.232
5697580	-12.09772	-10.441377544780002	-2.78264519268	-1.70162280252	0.232
5251494	-13.83682	-10.94893052422	-2.89119777528	-0.0	0.29000000000000004
5852654	-12.18564	-9.84028376242	-3.52292197403	-0.6141674745000001	0.17400000000000002
5787908	-13.14528	-10.683736340009999	-3.2313804015000005	-0.0	0.17400000000000002
31524504	-12.48917	-9.58461356257	-3.03282147695	-0.5987824470900001	0.058
7994519	-12.3731	-12.88220336482	-2.9357750332500006	-0.1741756635	0.29000000000000004
81766302	-12.43903	-10.15887951104	-2.66157718536	-1.0714241177100001	0.116
5787356	-11.96613	-9.56095066927	-3.1025123472000002	-0.0	0.058
5374449	-14.12057	-10.70071393331	-2.91886581352	-0.50107959261	0.17400000000000002
5602286	-12.50062	-9.770491712300002	-2.72995928053	-0.0	0.232
5756448	-12.7192	-9.852283731770001	-2.86597369565	-0.0	0.34800000000000003
7233283	-12.14914	-11.76620734559	-2.7269984048600002	-0.49146321618000005	0.232
7773041	-11.95053	-10.6274308495	-2.6690644168600004	-1.45004617638	0.232
5304143	-12.08163	-11.16628655561	-3.03327702326	-0.0	0.17400000000000002
5326422	-11.96041	-9.356775235359999	-2.18500665917	-0.41950193868	0.29000000000000004
5661240	-12.11501	-11.05765395521	-3.1763238249500003	-0.0	0.17400000000000002
50982487	-13.03367	-11.478972429249998	-2.58406347328	-0.49411844046000003	0.116
5787445	-13.98593	-12.314872525450001	-2.3751591937300005	-0.11284115751000001	0.29000000000000004
7279580	-11.86195	-12.432354576929999	-2.8972892605800005	-0.0	0.29000000000000004
5807530	-12.09004	-10.32506395801	-2.8637134986000006	-1.02160929051	0.17400000000000002
43373352	-12.11051	-11.16023246066	-3.01602307526	-1.47668066064	0.29000000000000004
5374455	-14.47966	-11.57303618019	-2.37760911407	-0.5264569574100001	0.232
7124005	-11.86948	-13.325100917319999	-0.94909444047	-0.37022168097	0.232
5660158	-12.38262	-10.38022791755	-3.9625957039400004	-0.20969222544000002	0.17400000000000002
47213653	-11.99116	-10.999603447779998	-2.33444338335	-1.4611487734800002	0.232
5781564	-11.87168	-10.58793097355	-4.0617150762300005	-0.0	0.232
5214239	-16.68525	-13.92382360043	-2.2568539222300004	-0.50717720943	0.232
6053962	-12.09781	-10.98489851142	-3.2300379601800002	-0.0	0.17400000000000002
7922065	-12.22045	-11.79697057146	-2.25259549356	-1.03829255811	0.232
7225523	-12.03441	-10.2884660161	-2.8744491715700002	-0.9776277325800001	0.17400000000000002
5705722	-12.12907	-12.133330224589999	-2.64044180044	-0.18998364699	0.232
7859462	-11.92101	-11.270303687230001	-2.42660541673	-1.00987225929	0.232
31478332	-12.05597	-10.2965836061	-2.7846742850200004	-1.0915791498	0.17400000000000002
7923046	-11.88331	-11.550706963480001	-2.49687457479	-0.61612364637	0.232
53308310	-11.94445	-11.856258658460002	-2.67577557139	-0.20637906948000004	0.232
5421044	-11.88642	-10.67536232828	-2.9943174684000002	-0.30280718133	0.17400000000000002
6946492	-12.04149	-10.59216786999	-2.7099755615700003	-0.14959134135000002	0.116
6994558	-12.13819	-10.6691791061	-3.5335363082600004	-0.77553109341	0.232
5301766	-12.59852	-11.28004897237	-2.0398304678000003	-2.22759805995	0.232
5112993	-13.65962	-10.79978318113	-3.1910766518700004	-0.46703750256000004	0.058
5976967	-12.35778	-9.342363743389999	-2.4950415181600003	-2.6939658820500005	0.17400000000000002
5554235	-15.26839	-10.613817239289999	-4.6581872148	-0.0	0.232
6334084	-11.92749	-11.068086690100001	-2.732786894	-0.22054222377000002	0.17400000000000002
5374457	-14.55256	-11.662989904269999	-2.3422122189200003	-0.5453196237000001	0.34800000000000003
9327322	-11.95522	-11.724059937989999	-2.4474981241700005	-1.27963599687	0.29000000000000004
5622899	-14.78525	-11.37537437601	-3.41056335286	-0.0	0.6960000000000001
5634226	-12.03592	-11.712605406209999	-3.0463349654100003	-1.5018171754500003	0.34800000000000003
7643080	-12.05562	-10.85377408912	-3.3188586192400007	-0.0	0.17400000000000002
5728426	-15.49851	-12.20290330195	-3.2947693724500002	-0.0	0.6960000000000001
5466988	-12.0026	-10.47388103543	-2.93590443786	-0.0	0.116
7499111	-12.03406	-11.923103608549999	-2.79306875155	-0.12935994219	0.232
5537748	-12.1217	-10.08210089646	-2.03727569115	-0.0	0.232
5376798	-12.52292	-9.457212992149998	-3.06582701699	-0.0	0.17400000000000002
5647857	-12.69126	-9.30081743964	-3.9064337525100004	-0.21720557025000004	0.058
5675156	-12.73398	-10.46733325954	-2.2682892217500004	-0.0	0.058
15528828	-11.9178	-11.54344712357	-2.35217847803	-1.5064285716	0.29000000000000004
5784356	-14.3439	-10.810047236829998	-2.8513986685600003	-0.6839728508700001	0.232
5332638	-14.03447	-10.9766961197	-3.05715550536	-0.0	0.34800000000000003
6048263	-11.98695	-10.84407477468	-2.87025597124	-0.3766071429	0.17400000000000002
5486526	-13.3715	-10.81793921708	-2.35688473783	-0.19824303933	0.058
5766971	-12.42579	-10.89928573792	-2.1015820671400003	-1.9702292852700003	0.232
9253643	-12.55702	-12.62557355542	-2.62302969125	-0.24739993485000003	0.232
5693593	-12.19743	-10.81896005011	-3.15714073126	-0.36296093493000003	0.17400000000000002
5105440	-12.14921	-10.570829311039999	-1.9979724600900002	-0.29500011702	0.116
5829530	-16.39463	-13.124434357750001	-3.2717637577600005	-0.0	0.406
7921931	-13.14202	-12.124225589400002	-3.3225664646100004	-0.0	0.17400000000000002
5786717	-12.25812	-10.076888877600002	-2.57315000048	-0.32668657668	0.058
18411351	-11.97611	-10.53724437826	-2.8378241600400003	-0.0	0.116
5807360	-15.50986	-13.67955865836	-2.5113429921200003	-0.2254590882	0.464
7589421	-12.0953	-10.552945667829999	-2.95680977014	-0.0	0.116
5583948	-11.90758	-9.98378207996	-2.27062551853	-0.0	0.17400000000000002
48763671	-11.84987	-10.08260272099	-2.2211477185	-0.92814774561	0.116
6431831	-11.8999	-9.87723763697	-2.19760905501	-1.21242122649	0.116
6725109	-12.12008	-10.99832727047	-3.8681082451700006	-0.79752480957	0.29000000000000004
7924026	-12.44383	-10.48515613356	-3.2395230726100004	-0.17292441843000003	0.116
7297443	-12.50087	-12.68370809911	-3.30590272788	-0.16104052746	0.29000000000000004
7239765	-11.8656	-11.96623577454	-2.67293042342	-0.0	0.232
5557159	-12.33333	-12.248697929099997	-3.5949807031600005	-0.8214159537000001	0.34800000000000003
32041034	-11.88145	-11.5753526036	-2.48551642707	-0.5939713216800001	0.232
5647483	-20.34503	-16.682676878040002	-3.6618190609500005	-0.0	0.34800000000000003
5421027	-12.1875	-11.176745279150001	-3.14973450915	-0.0	0.17400000000000002
5890318	-12.07585	-9.14731221412	-3.0744827475700003	-0.5561696220300001	0.058
5652953	-12.79593	-9.713467873369998	-3.08182268927	-0.0	0.17400000000000002
5559909	-12.34772	-11.565832979189999	-2.90767880252	-1.8433659588300002	0.34800000000000003
7674258	-12.1769	-12.724412267220002	-2.29513313849	-0.0	0.232
5851639	-12.61179	-9.852794617620003	-3.67484999997	-0.9231721372800001	0.17400000000000002
89012591	-12.155	-10.6233735651	-2.9523668785300003	-0.71312744844	0.17400000000000002
5374203	-11.98509	-8.7670836668	-3.2164140043700002	-0.0	0.34800000000000003
5469416	-12.09134	-11.6793447907	-3.23317909051	-0.0	0.232
6338559	-12.00176	-10.95233065879	-3.15492507184	-0.0	0.17400000000000002
7984773	-11.89861	-11.7604100487	-2.12847963945	-0.7907692610700001	0.232
9339727	-12.15641	-11.6967148676	-2.96756262692	-0.32990574240000003	0.232
5395256	-13.16176	-10.561948154389999	-2.5993767028200003	-0.0	0.34800000000000003
7275628	-12.11236	-12.13586576239	-2.0943585545200003	-0.7202413347300001	0.232
5105374	-16.32477	-12.91165492453	-3.4159702912800003	-0.0	0.29000000000000004
77157904	-12.62506	-10.8543246514	-2.2552502168600004	-0.25652286252	0.17400000000000002
5258091	-12.35253	-9.18036801456	-3.16954393518	-0.0	0.34800000000000003
9340282	-11.93968	-10.555659992739999	-2.6613555492800005	-0.12084795108	0.116
7406502	-11.99632	-12.05281050198	-3.6189286218800003	-0.5275730915100001	0.34800000000000003
7039235	-12.00247	-8.851447360929999	-3.1545964753100004	-0.0	0.0
5326530	-12.06646	-9.38759327696	-2.07507200728	-0.6040106541900001	0.058
5522865	-17.13196	-13.96277156492	-3.16878609409	-0.0	0.116
5665784	-12.08854	-11.79268156045	-3.43260842764	-1.10513136753	0.34800000000000003
5243168	-12.02168	-9.487884133309999	-3.2363535363900002	-0.0	0.058
5804719	-12.37151	-12.55612726141	-2.80046866124	-0.6304747811400001	0.29000000000000004
5786995	-12.88963	-9.82970930849	-3.05914707387	-0.0	0.0
5459697	-11.86937	-9.49169048704	-3.34237308512	-1.1165805536400002	0.17400000000000002
5378363	-13.4178	-10.984589270979999	-2.4358068209500003	-0.0	0.058
5650222	-13.96729	-10.50750617404	-3.4608666771500003	-0.0	0.464
5337117	-12.38994	-9.96138062528	-2.00739094142	-0.41976628623000006	0.29000000000000004
9294271	-11.90113	-11.401727723219999	-2.4095934448300005	-0.17909252793	0.17400000000000002
7924006	-12.67833	-11.14286321368	-3.11454908007	-0.6444675781200001	0.17400000000000002
24496485	-12.33502	-10.95617128691	-3.2038663161700005	-0.33656730066	0.17400000000000002
5577478	-17.37263	-14.523770954020002	-2.8511731748900004	-0.0	0.5800000000000001
5620007	-13.50811	-11.186541366079998	-2.3201895883000003	-0.0	0.34800000000000003
5754551	-14.50804	-12.420456134029997	-2.08829372166	-0.0	0.34800000000000003
5696312	-12.03157	-12.10721712106	-2.39704470456	-0.3381886323	0.232
5745605	-13.65597	-11.36965911058	-1.62213272674	-0.66546264798	0.17400000000000002
5336822	-12.24727	-9.1366582014	-3.11363868883	-0.0	0.17400000000000002
73296823	-12.42112	-11.74312908848	-2.8621901012400004	-0.35380863531	0.232
6629705	-12.76528	-11.62138042104	-3.6717243000000006	-0.4569100542000001	0.232
44883324	-13.14274	-11.66879775332	-3.1095868165700002	-1.4422743584100002	0.232
5784591	-14.12435	-10.40820327961	-2.9430104693300003	-0.7734633081300001	0.0
6498446	-12.00084	-12.06946511536	-2.8683717138700002	-0.5709672104400001	0.29000000000000004
5379570	-16.17828	-12.24225038675	-3.93746210233	-0.0	0.29000000000000004
5330920	-14.65099	-11.07845560789	-3.1592424164300006	-0.41224706703	0.34800000000000003
5428235	-12.01709	-11.08945619632	-3.03615303195	-0.0	0.17400000000000002
5105552	-15.27227	-11.418610635099999	-3.85352971118	-0.0	0.464
7746130	-12.19432	-12.13233654707	-2.74236844618	-0.87907896594	0.29000000000000004
7984052	-12.05615	-12.06279465088	-2.10513140063	-0.0	0.17400000000000002
5557588	-11.93112	-10.12112540036	-1.8125865040100002	-0.0	0.17400000000000002
6157415	-12.21561	-12.126422548700003	-2.4876521291700002	-1.88687756556	0.34800000000000003
5528373	-16.77514	-12.279036719659999	-4.279774118230001	-0.21170126682	0.34800000000000003
12256486	-12.08861	-9.929999135280001	-2.3856104571100003	-0.47828108502000005	0.058
7924010	-12.17166	-11.95581779056	-2.77781584069	-0.28165937733	0.232
7268990	-11.98603	-11.29869721476	-3.1291440964900006	-0.36450589950000006	0.232
5840700	-11.97165	-12.13221562552	-2.50147352345	-0.1322325189	0.232
7652660	-12.30771	-11.240434898850001	-3.33987722439	-1.32716568636	0.29000000000000004
68907115	-11.94824	-11.65730992423	-2.76553607965	-0.31979591721000006	0.232
5706084	-13.34136	-11.39566423146	-1.3676468130600001	-0.5807833161300001	0.232
25520526	-12.41796	-10.04872571068	-2.7389621942100004	-1.8146108197800002	0.17400000000000002
5786525	-13.02939	-10.694614630010001	-3.09809330251	-0.0	0.232
46194679	-12.09585	-11.184699043659998	-2.68158790745	-0.35219317806	0.17400000000000002
7922000	-11.93691	-11.68628318373	-2.70867134546	-1.02889353411	0.29000000000000004
5666915	-12.35154	-12.48858852393	-2.2140858739700002	-1.2532952321100002	0.29000000000000004
7904754	-12.01382	-12.29485938233	-3.02258273171	-0.21117257172000004	0.29000000000000004
6682804	-11.93714	-10.885149978440001	-2.8499692561200005	-0.9958442159700001	0.232
5621955	-12.29021	-10.21855518465	-1.6218935561600003	-0.44735242167000006	0.116
5630551	-13.52454	-10.95966044483	-2.56454126236	-0.0	0.406
5771139	-12.94738	-10.24951649006	-2.6990200059700005	-0.0	0.058
11655232	-11.96399	-10.49583190298	-2.81194393942	-0.05882026707	0.116
39202360	-12.16224	-13.1435709976	-2.01191414104	-1.2750363495	0.34800000000000003
7923522	-12.82373	-12.25594558158	-3.00526180192	-0.5574972341700001	0.232
5282076	-12.43472	-9.82883923754	-1.6949177348600002	-0.91286845722	0.17400000000000002
5849363	-12.43318	-11.228012398959999	-3.38416411104	-0.0	0.17400000000000002
7358324	-12.0863	-10.275129793120001	-3.47555006745	-0.45644597739000004	0.17400000000000002
5308933	-13.54681	-10.451262661430002	-3.0963366963000003	-0.0	0.17400000000000002
5813644	-13.27886	-10.2848786323	-2.9898412612400005	-0.0	0.0
5845104	-12.7768	-9.264975766780001	-3.8214987386500003	-0.43690188186	0.058
7024539	-11.9333	-9.528872054219999	-3.03976408688	-0.06432457050000001	0.058
7987137	-12.01048	-10.60039601976	-2.7601750816200004	-1.4571835602300003	0.232
7923493	-12.5268	-11.547053330239999	-3.1781937040300003	-0.0	0.17400000000000002
7722214	-12.12509	-12.467608106090001	-3.60859448896	-0.30034581192	0.34800000000000003
49576030	-12.18017	-10.74418587525	-2.86369561341	-0.0	0.116
5699401	-12.21542	-12.25739946866	-3.5297611304100003	-0.0	0.29000000000000004
7922848	-11.97656	-10.253023613789999	-3.0052800378000004	-1.52389900746	0.232
5784266	-14.17675	-12.04943752586	-2.12510003992	-0.0	0.058
5791986	-12.45146	-10.234625275790002	-2.21847020035	-0.0	0.058
6036639	-12.15031	-9.34760951266	-3.28237213026	-1.6497049437000002	0.17400000000000002
5662036	-12.01213	-10.972924165919999	-3.7190067806300005	-1.5313301108100001	0.34800000000000003
9274428	-12.20022	-12.08678365759	-2.2045225576700003	-0.76150892448	0.232
5285944	-15.62858	-12.728521406279999	-2.80311637074	-0.09764411058000001	0.464
5627730	-11.87213	-9.681355496770001	-2.19227085183	-0.0	0.34800000000000003
5722957	-17.83661	-14.700713818550001	-2.63300822451	-0.5038464303000001	0.5800000000000001
5244278	-12.27357	-10.04454773761	-2.70490633762	-0.9615730247100001	0.116
7905238	-12.07636	-11.588384268239999	-3.3068260946500003	-0.0	0.232
7957817	-11.97187	-11.6242575363	-2.9108052038700003	-0.23546904876	0.232
5492903	-11.86011	-9.83085727324	-2.3030141948600003	-0.07135621533	0.406
5867718	-13.5915	-12.55446369973	-2.53959422783	-0.0815952771	0.116
5728662	-14.03209	-11.28906778515	-3.67295416983	-0.71028424368	0.116
7907765	-12.27248	-11.18736310478	-3.06496852787	-1.6095711112200002	0.29000000000000004
5278089	-14.43121	-11.4383126086	-2.9934687986	-0.0	0.116
5771895	-12.17416	-10.72078600586	-1.25454718392	-0.19548207603	0.17400000000000002
7922689	-12.52715	-10.68483519692	-3.05825351575	-0.9806295458700001	0.17400000000000002
89824408	-12.32863	-10.64783183865	-2.6611759960000003	-0.45594077985000003	0.116
5533985	-12.4621	-9.337556078599999	-3.12607205209	-0.0	0.522
5491210	-13.70268	-11.149915111379999	-2.2847313224000003	-0.26784868644	0.406
7922478	-12.88566	-11.89756575659	-2.91544798878	-0.33226137279	0.17400000000000002
93908160	-12.98608	-9.77574981179	-2.75182059375	-1.2167447775300002	0.058
5676796	-14.06774	-11.41680158212	-2.6529947489900003	-0.0	0.406
5698752	-12.7517	-11.41541934671	-3.24414306267	-1.0762646150700002	0.232
5777785	-12.38107	-10.833601807249998	-2.58303560089	-0.41324571333000004	0.116
5669706	-14.11535	-12.1515830773	-1.9622455656500002	-0.0	0.232
6705726	-12.03306	-9.875359398529998	-3.7313493151800006	-0.5338528144200001	0.17400000000000002
6872928	-11.89682	-8.659461549429999	-3.2360280960700005	-0.0	0.0
9317549	-12.25265	-11.87417868098	-2.2668776945	-0.25932494655000005	0.17400000000000002
81349304	-12.47355	-10.04880750642	-2.3962763427700002	-1.4869197224100001	0.116
5182862	-13.28822	-10.892291298079998	-3.1716379051700003	-0.0	0.232
5562958	-13.48459	-11.030880843739999	-2.2738167975300003	-0.18184761684	0.116
7904864	-12.60356	-11.995437754729998	-2.8779662415800003	-0.67291724889	0.232
7922732	-12.24498	-10.81378964322	-3.2042513737900005	-2.1653060283900003	0.34800000000000003
5673083	-12.64699	-10.81199299456	-1.8355858062800001	-0.0	0.116
21473866	-11.85822	-12.745202291670001	-3.8043931325200004	-0.8601164350200001	0.464
6877634	-11.98867	-13.450633420559997	-2.48492165683	-0.95670902979	0.406
7037275	-12.29878	-10.085459401649999	-1.87416030352	-1.4185418228100002	0.406
5626129	-13.94508	-10.466010038590001	-3.47779658759	-0.0	0.29000000000000004
6943687	-11.90496	-11.14793509651	-2.62952902902	-0.21381017283000003	0.17400000000000002
5626347	-11.87488	-9.876243873810001	-2.6905080582900003	-0.0	0.29000000000000004
80140356	-11.88379	-9.900939875070002	-2.47284284116	-0.20491634637	0.058
5105501	-12.52333	-10.69912295368	-1.5954662591400002	-0.2282787954	0.116
7493272	-12.0102	-11.48468803425	-2.98275241358	-1.05241459167	0.29000000000000004
60235722	-12.12824	-12.07154670517	-2.65994472341	-0.23163894648000002	0.232
7721754	-11.87998	-11.25531799098	-3.3240860043800002	-1.4676517232100001	0.34800000000000003
96409003	-11.90053	-11.56075926118	-2.41931632508	-1.4019349222800002	0.29000000000000004
21962330	-11.90303	-10.520442339	-2.7643363691600005	-1.40288069907	0.232
54993587	-13.65024	-10.39831405827	-3.25085912686	-0.0	0.116
34268179	-12.2861	-11.693020145600002	-3.8340429199500003	-1.78313583816	0.406
5304187	-13.78066	-10.95457012101	-2.82569940398	-0.0	0.406
7967657	-12.16628	-12.03068277817	-3.03596786763	-0.6583840080300001	0.29000000000000004
9298007	-12.08698	-10.740273140960001	-2.75853771001	-0.0	0.116
5105250	-13.43576	-10.035578256320001	-3.4007938308400005	-0.0	0.464
7772775	-11.95481	-9.01352771434	-3.1180279248700002	-1.9164786167700003	0.17400000000000002
5431244	-12.20542	-11.41495886034	-4.36032620847	-0.0	0.29000000000000004
5805168	-13.46574	-11.53812865394	-1.5612631127500003	-0.36689090184	0.34800000000000003
6092868	-12.26551	-11.068371424799999	-3.8763459532700004	-0.9067473428400001	0.29000000000000004
6874559	-11.99477	-9.797299458660001	-3.5975670419100005	-0.0	0.116
5554888	-15.0913	-11.980987731480003	-2.8417059476500004	-0.27022781439	0.464
7008475	-12.23879	-10.995416148579999	-2.7075877133600006	-1.39436870796	0.232
5838302	-12.27499	-10.32572561743	-2.93755162879	-1.16803433565	0.17400000000000002
5745240	-13.29043	-11.425641232019998	-1.8647502387500001	-0.0	0.232
5758627	-13.84851	-10.7194124222	-3.1290914929900002	-0.0	0.116
51712092	-12.20261	-9.925212902930001	-2.6286119746700005	-1.78691307093	0.17400000000000002
5278661	-13.36729	-9.94471597944	-3.42107738975	-0.0	0.464
6755442	-12.12738	-10.43874595872	-3.8205634484200006	-0.0	0.17400000000000002
6366994	-12.57489	-8.6103644475	-3.7596861192500004	-0.94008450609	0.058
5849366	-12.11436	-9.093978892119999	-3.36072329006	-1.7898855122700001	0.17400000000000002
7290450	-12.13166	-11.792304856490002	-2.97863706643	-0.19817254665	0.232
5761776	-14.04316	-11.249823421199999	-2.7944606401600005	-0.0	0.17400000000000002
46605718	-11.99539	-10.35066689894	-3.0467249326900006	-0.0	0.116
5784188	-12.55682	-10.62698206381	-1.93170011596	-0.0	0.232
7923475	-11.95552	-12.298801984589998	-2.7928039806	-0.35851989609	0.29000000000000004
5693880	-12.25809	-10.627915621019998	-2.8217951722100003	-1.6797465741600002	0.232
88915884	-12.06976	-11.027914293750001	-2.6029372583900003	-0.5479396016400001	0.232
6383974	-11.8558	-9.91197362744	-2.78666059318	-1.58152089897	0.232
56006735	-12.01924	-10.15373631085	-2.4085291006800005	-0.86707758717	0.116
6509161	-12.10536	-12.82064631646	-2.6700551161100003	-0.14604320979000002	0.29000000000000004
5770044	-12.46815	-12.84077402862	-2.7608505105600005	-1.24259209353	0.34800000000000003
80628397	-12.06861	-10.63842008611	-3.18612245424	-1.06256553759	0.232
15247407	-12.01818	-10.986226944510001	-2.3653696823800003	-1.4749007204700002	0.232
5307300	-11.96421	-11.698904460089999	-3.1986259555000003	-0.56361247416	0.29000000000000004
5771011	-14.48239	-12.67374541834	-2.6532440895800002	-0.0	0.058
7134288	-12.30571	-11.60808533531	-2.06832648513	-0.7941117889800001	0.17400000000000002
7922966	-12.35832	-12.71860446865	-2.4700955357	-0.05852067318	0.232
96464117	-12.91976	-13.0125337111	-3.3701971804100004	-1.0706075775000001	0.34800000000000003
5333650	-12.54686	-11.10335659903	-2.6044995823400003	-0.30769467381	0.464
5812346	-17.50311	-13.248917499640001	-4.25758175365	-0.0	0.34800000000000003
5604559	-11.9646	-10.87016245992	-3.0457065289300003	-2.2466487067200003	0.34800000000000003
5481043	-13.75819	-10.442659038439999	-3.01772742866	-0.29652158403000006	0.406
9065378	-12.15362	-10.680104135790002	-3.32812840801	-0.27876917745	0.17400000000000002
5641450	-12.65563	-10.85201040103	-3.28381837582	-0.0	0.116
5530610	-12.49295	-11.03260473784	-2.19046339557	-0.0	0.232
5537420	-15.88284	-12.41093231505	-3.4758993546900006	-0.0	0.232
5658415	-11.93149	-12.20835061812	-4.00136272999	-0.60436311759	0.406
6942651	-11.96823	-10.12605069876	-3.0034704774	-0.23776006086	0.116
7990680	-11.89964	-11.073404706469999	-2.7878901123200004	-0.81797356116	0.232
5613416	-12.03931	-11.21562607241	-1.2992296488900001	-0.22659871986000002	0.17400000000000002
14700376	-12.19325	-12.46807174923	-3.0976745786500004	-0.9040686210000001	0.34800000000000003
5341682	-13.06009	-10.137221053869998	-2.9217260411600003	-0.0	0.17400000000000002
7667032	-12.29085	-11.21874244758	-2.88147629779	-0.3454728759	0.17400000000000002
5332703	-16.79082	-12.942475573369999	-3.4486181275200005	-0.40144406382000003	0.34800000000000003
9274473	-12.3219	-10.79367172485	-2.35095737545	-0.61756874631	0.116
5674713	-12.12427	-9.65554307558	-3.1758651224300003	-0.0	0.17400000000000002
6500705	-11.94369	-12.6669538531	-2.6671987460600004	-0.09452480949	0.29000000000000004
5756449	-12.054	-11.08740984412	-1.77799058482	-1.30039021674	0.17400000000000002
7148235	-12.29086	-10.366816708330001	-4.076939230510001	-0.0	0.17400000000000002
7060063	-12.11266	-11.137444439160001	-2.9150916877400004	-0.18174775221	0.17400000000000002
5704344	-11.85653	-11.20412218885	-2.8712452677300004	-0.5525451234000001	0.232
6442500	-12.23351	-10.193247518609999	-2.9717586327700003	-1.20960151929	0.17400000000000002
5358591	-11.9567	-9.825626227819999	-3.44682925783	-0.08066124909	0.116
5628046	-12.45977	-9.2340315967	-3.2241200664300003	-0.0	0.522
7921875	-12.5741	-12.097525346370002	-2.9200581595200004	-1.97304311808	0.34800000000000003
6095552	-12.24005	-11.92860844446	-3.1784833739700002	-0.0	0.232
5312706	-13.60733	-10.725686175	-2.88043825539	-0.0	0.29000000000000004
7877973	-11.97477	-10.758405281479998	-2.8029175295100006	-0.51540135543	0.17400000000000002
5535008	-12.14791	-10.50052326205	-2.00263418226	-0.0	0.17400000000000002
6239063	-12.16753	-9.781008890319999	-3.3464203984100003	-1.53047244987	0.232
6874849	-12.00032	-9.34864781586	-3.05327967948	-0.30361784715000006	0.058
