molecule_id	affinity	steric_sum	hydrophobic_value	hydrogen_value	wnrot
ampc_round2_gen1101	-12.17188	-9.145033819600002	-1.2910768077700001	-6.362451944370001	0.406
ampc_round2_gen785	-11.85989	-9.237215680359999	-1.21119453543	-5.572916305200001	0.34800000000000003
ampc_round2_gen796336	-12.00378	-9.394432370659999	-0.8527833937	-6.6630856014	0.406
ampc_round2_gen4198	-11.99102	-10.589611253889998	-1.00419239844	-3.89523164193	0.29000000000000004
ampc_round2_gen250741	-12.0014	-10.0647895858	-0.58401598046	-3.4593577783200002	0.406
ampc_round2_gen2664	-12.45055	-9.13057905502	-1.7411590168800002	-5.219025428430001	0.29000000000000004
ampc_round2_gen795622	-12.5233	-9.012323686000002	-1.4824167786700002	-7.161509969730001	0.406
ampc_round2_gen4518	-11.96909	-9.96260236842	-1.5950282473300001	-3.91355973873	0.29000000000000004
ampc_round2_gen5367	-11.79665	-9.489268610149999	-1.48731100831	-5.65603304931	0.406
ampc_round2_gen795732	-12.22279	-8.80849626677	-1.24113188866	-6.456283575840001	0.34800000000000003
ampc_round2_gen797001	-12.13735	-10.66535676679	-0.7795368775400001	-5.29667898984	0.406
ampc_round2_gen797126	-11.90971	-9.47540872873	-0.83751610455	-5.782814134290001	0.34800000000000003
ampc_round2_gen797968	-12.11566	-9.717074620919998	-0.9621201191400001	-6.03802113345	0.406
ampc_round2_gen300	-11.92562	-10.420860124190002	-0.9381672907600002	-4.04737246854	0.29000000000000004
ampc_round2_gen3638	-11.98272	-9.521040370249999	-1.50484480693	-5.167724380560001	0.34800000000000003
ampc_round2_gen798201	-11.86716	-9.181732963650001	-1.1723829717500003	-6.02348789259	0.406
ampc_round2_gen714045	-12.44399	-12.1814286539	-0.6575542707	-1.0595989706400002	0.34800000000000003
ampc_round2_gen5436	-12.09033	-9.970927624479998	-1.6081815771600003	-4.04755457463	0.29000000000000004
ampc_round2_gen467739	-12.20586	-11.72595112857	-1.1936887920100003	-0.0	0.34800000000000003
ampc_round2_gen468	-11.87642	-9.524047434969999	-1.4342025147100002	-4.39246938348	0.29000000000000004
ampc_round2_gen799467	-11.88664	-9.426844056439998	-1.18648877562	-5.09568673599	0.34800000000000003
ampc_round2_gen2635	-12.30029	-9.24554233164	-1.5132206868900002	-5.135479853850001	0.29000000000000004
ampc_round2_gen388	-12.10495	-9.473998932210002	-1.6201962165600001	-5.26565046186	0.34800000000000003
ampc_round2_gen593973	-12.68662	-10.989350355980001	-0.75895523213	-0.9400433853600001	0.464
ampc_round2_gen18	-12.46876	-9.15143698479	-0.7395182388800001	-6.953803288110001	0.34800000000000003
ampc_round2_gen796913	-11.86908	-9.37589963578	-0.6875105611900001	-5.968515350970001	0.34800000000000003
ampc_round2_gen797822	-11.92344	-9.683884370529999	-1.1949628487800001	-4.531780542330001	0.29000000000000004
ampc_round2_gen1075	-12.09286	-9.977746392439999	-0.8852902525600002	-5.476223845800001	0.34800000000000003
ampc_round2_gen592	-11.77821	-8.44073930477	-0.8723729371000001	-6.944515877520001	0.406
ampc_round2_gen109	-11.91909	-9.00824039402	-1.09798163342	-5.9917603122	0.34800000000000003
ampc_round2_gen815	-12.51632	-10.00823214975	-1.5735569013900002	-4.587751730250001	0.29000000000000004
ampc_round2_gen2249	-11.93958	-10.06830564129	-1.4574434423900002	-4.60805949648	0.34800000000000003
ampc_round2_gen610552	-12.10622	-10.96431908743	-0.95438319636	-0.8981296127100001	0.17400000000000002
ampc_round2_gen1757	-12.86802	-9.545886492129998	-1.2629441052800001	-6.57169771617	0.34800000000000003
ampc_round2_gen3	-11.89379	-8.76882555172	-1.12085924626	-6.5224527048	0.406
ampc_round2_gen274595	-13.65201	-11.596673317410001	-1.2135346898000001	-1.2377692193400003	0.812
ampc_round2_gen3628	-11.98052	-8.70800537301	-1.2149192139200002	-6.960417851250001	0.406
ampc_round2_gen3298	-11.84371	-9.896479988799998	-1.42081948293	-5.3766529353	0.406
ampc_round2_gen2972	-11.81974	-9.272838918240002	-1.80922794588	-5.57360948322	0.406
ampc_round2_gen796767	-11.91179	-8.89485130958	-1.22629244131	-6.668795508480001	0.406
ampc_round2_gen52100	-12.72301	-9.63638359643	-1.3990454915200001	-2.8099909589400003	0.522
ampc_round2_gen95029	-12.81919	-9.64173360255	-1.7168491860800001	-1.46126626128	0.5800000000000001
ampc_round2_gen1492	-11.76754	-9.08191127228	-1.1932265825900001	-4.92631632351	0.29000000000000004
ampc_round2_gen2071	-12.03278	-9.24474615531	-0.65326918959	-7.049673332910001	0.406
ampc_round2_gen797386	-11.80973	-9.396295608209998	-1.6889314565600002	-4.869546218550001	0.34800000000000003
ampc_round2_gen365	-12.61212	-10.16546423484	-0.9362535754300001	-5.939936443620001	0.34800000000000003
ampc_round2_gen72993	-13.68958	-9.55396140214	-2.3366737717500006	-3.7930348791000004	0.29000000000000004
ampc_round2_gen2776	-12.03635	-9.58050281189	-1.4378132189500001	-5.2401321117	0.34800000000000003
ampc_round2_gen795730	-12.32519	-8.82213469542	-1.16529657892	-6.659696078370001	0.34800000000000003
ampc_round2_gen797797	-11.98741	-9.431043066409998	-1.1886995253800001	-5.5713302199	0.34800000000000003
ampc_round2_gen3497	-12.23527	-8.40206373258	-1.2342920309	-6.8822003484000005	0.34800000000000003
ampc_round2_gen1065	-11.84637	-9.01796450182	-1.1880640751	-5.10032750409	0.29000000000000004
ampc_round2_gen642022	-12.01292	-12.06052281219	-1.1330022382	-0.21514365936000002	0.34800000000000003
ampc_round2_gen196355	-12.35153	-9.61715338781	-0.43144584113000006	-2.30331894705	0.34800000000000003
ampc_round2_gen17043	-12.00164	-9.79702212889	-1.99331214068	-2.32275730356	0.17400000000000002
ampc_round2_gen1591	-12.07975	-10.05864768775	-0.40355792026000004	-7.272171728550001	0.464
ampc_round2_gen1657	-11.94715	-9.321133688629999	-1.48236277241	-5.337053672310001	0.34800000000000003
ampc_round2_gen1167	-11.96194	-8.97008277177	-1.46384388558	-5.0258813596200005	0.29000000000000004
ampc_round2_gen2308	-11.78	-9.98094475069	-0.9139546010900002	-5.70642944112	0.406
ampc_round2_gen470765	-13.47302	-12.226702864119998	-1.2298024975200001	-1.58521589028	0.522
ampc_round2_gen796301	-11.86518	-9.82608311077	-1.7101204970500001	-5.17797519111	0.406
ampc_round2_gen10310	-11.77996	-11.80356955398	-0.7354898628500001	-3.37487817573	0.34800000000000003
ampc_round2_gen661	-12.73334	-11.28863527835	-1.2677874848700001	-5.381464060710001	0.406
ampc_round2_gen332	-12.24406	-9.24813227265	-0.9986490416100001	-6.29273468385	0.34800000000000003
ampc_round2_gen2851	-12.17788	-10.192769804400001	-1.1542217887200001	-6.524285514480001	0.464
ampc_round2_gen9169	-11.82158	-10.778115505179997	-1.4797185698100002	-4.4080188938100004	0.406
ampc_round2_gen4547	-11.87439	-8.7144609424	-0.83742737998	-5.0976311590800005	0.232
ampc_round2_gen49616	-12.99649	-12.242808611500001	-0.6512902459200001	-0.10072229094000001	0.6960000000000001
ampc_round2_gen5750	-12.04397	-9.153722806740001	-1.6682084830800001	-5.45473532718	0.34800000000000003
ampc_round2_gen799503	-12.01348	-9.28905424855	-1.13949561424	-5.09604507378	0.29000000000000004
ampc_round2_gen36116	-11.80182	-10.408011785689999	-1.4676029316900001	-4.05947958633	0.34800000000000003
ampc_round2_gen880	-11.9582	-9.055573908779998	-1.3047807209000002	-5.44029020217	0.34800000000000003
ampc_round2_gen1919	-11.81872	-9.95003899672	-0.8438162504	-5.1736633888500005	0.34800000000000003
ampc_round2_gen797375	-12.09119	-9.94436099206	-0.91851111626	-4.756393718370001	0.29000000000000004
ampc_round2_gen781212	-12.27211	-9.83768236766	-1.4352363488300002	-1.7116445118600003	0.232
ampc_round2_gen34929	-12.03948	-10.794509330380002	-1.3692613898200001	-5.506805920140001	0.464
ampc_round2_gen591340	-12.03895	-9.99910802264	-1.497306024	-0.5408492129100001	0.522
ampc_round2_gen711	-12.28406	-9.79052005097	-0.7734106739300001	-6.388827955470001	0.406
ampc_round2_gen3339	-11.87831	-8.93450042424	-1.2550802327200001	-5.859169455510001	0.34800000000000003
ampc_round2_gen960	-12.71456	-10.6543182882	-1.2841461213	-5.982655007700001	0.406
ampc_round2_gen1540	-12.04287	-9.88607259599	-1.46725504721	-4.91710527999	0.34800000000000003
ampc_round2_gen796721	-12.6663	-10.033468422040002	-1.69055304712	-6.12131410926	0.406
ampc_round2_gen5745	-11.90568	-10.678199353860002	-1.40532880425	-4.69298555271	0.406
ampc_round2_gen799276	-13.01165	-9.431107824369999	-0.80566678944	-8.09906848812	0.406
ampc_round2_gen85436	-12.27834	-6.80754932229	-0.4061512728100001	-5.0603170338000005	0.34800000000000003
ampc_round2_gen29	-11.90467	-9.56508393749	-1.63560869137	-4.87273601232	0.34800000000000003
ampc_round2_gen796711	-12.08962	-10.28639419189	-1.07119522984	-4.26268648521	0.29000000000000004
ampc_round2_gen1287	-11.9336	-10.689257708969999	-1.42335672508	-3.9962770243200003	0.34800000000000003
ampc_round2_gen1160	-11.79273	-9.39585048039	-0.9014952867700001	-5.63412157461	0.34800000000000003
ampc_round2_gen4551	-12.27581	-9.785171664299998	-1.5119245366500003	-4.568072523750001	0.29000000000000004
ampc_round2_gen799589	-11.99501	-10.230915918360001	-0.65309209114	-6.0250093596	0.406
ampc_round2_gen1006	-11.89361	-8.582166856279997	-1.6075257868600001	-5.1724767620700005	0.29000000000000004
ampc_round2_gen798735	-12.17018	-9.76469901916	-1.03051729398	-6.3549620971200005	0.464
ampc_round2_gen2566	-11.89257	-10.173379370840001	-1.5806134855700003	-4.306391946810001	0.34800000000000003
ampc_round2_gen6342	-11.88241	-10.92994968427	-1.2486948692000002	-4.56593424579	0.406
ampc_round2_gen797651	-12.19369	-9.27598274145	-1.3151278293500002	-5.1692869683	0.29000000000000004
ampc_round2_gen798408	-11.90533	-8.607294238369999	-1.2351000206600002	-5.542428221100001	0.29000000000000004
ampc_round2_gen799127	-11.93354	-9.640935688999999	-1.3783653022200002	-5.10035687604	0.34800000000000003
ampc_round2_gen827	-11.91447	-9.45157997833	-0.75027390118	-5.19632678547	0.29000000000000004
ampc_round2_gen4148	-12.03993	-10.164457741669999	-1.4887141190000002	-4.60235546379	0.34800000000000003
ampc_round2_gen2291	-12.46301	-10.182211973360001	-1.11526223386	-4.81007976858	0.29000000000000004
ampc_round2_gen125	-12.137	-8.29945064084	-0.64370657467	-7.4520514247400005	0.34800000000000003
ampc_round2_gen3712	-13.3463	-11.017526142129999	-0.66909232239	-6.33739179663	0.34800000000000003
ampc_round2_gen2003	-12.06701	-9.136759424660001	-1.5906014874600003	-4.161876078420001	0.232
ampc_round2_gen795977	-12.05895	-9.591134903290001	-0.6689853619400001	-7.442899125120001	0.464
ampc_round2_gen3236	-11.75475	-8.695949166390001	-1.58455524117	-5.596848570060001	0.34800000000000003
ampc_round2_gen799107	-12.21715	-8.739092836289998	-1.4212767826900001	-6.3397180550700005	0.34800000000000003
ampc_round2_gen13765	-11.76218	-10.97090508438	-0.7649285349000001	-4.83823571985	0.406
ampc_round2_gen795628	-11.88482	-9.66462284418	-0.7275025474100001	-4.9680714876300005	0.29000000000000004
ampc_round2_gen12635	-11.7711	-8.999876323739999	-1.5660023374100003	-4.6495209411000005	0.29000000000000004
ampc_round2_gen799814	-12.23582	-9.45688819621	-1.32252388145	-5.03565634458	0.29000000000000004
ampc_round2_gen588005	-12.73944	-10.52527738882	-1.14246420509	-1.0722054115800002	0.406
ampc_round2_gen4847	-11.79803	-9.91911333427	-0.7999312544900001	-5.21768606751	0.34800000000000003
ampc_round2_gen2590	-11.78763	-10.73948086708	-0.9048948756300002	-4.965134292630001	0.406
ampc_round2_gen790378	-12.21606	-11.85048726076	-0.41989165770000003	-1.3724043637500003	0.29000000000000004
ampc_round2_gen690541	-12.51516	-11.1358071866	-1.1753000111700003	-0.93926796588	0.522
ampc_round2_gen19305	-11.8904	-8.73036278197	-1.32917647075	-6.699947398650001	0.406
ampc_round2_gen1019	-11.91188	-10.26326535372	-0.7649814890900001	-5.0577029302500005	0.34800000000000003
ampc_round2_gen2053	-12.03642	-10.151437623900001	-1.2041411074600001	-4.553128075590001	0.34800000000000003
ampc_round2_gen798378	-12.59387	-9.755805159479998	-0.97719347672	-5.5395673931700005	0.29000000000000004
ampc_round2_gen1459	-12.59172	-9.850489322249999	-0.79675645792	-6.36673437468	0.34800000000000003
ampc_round2_gen915	-12.0646	-10.185985381390001	-0.9731987669300001	-5.488236973350001	0.406
ampc_round2_gen327262	-12.2301	-9.089580419999997	-1.60797712489	-2.95701519186	0.406
ampc_round2_gen1281	-12.06696	-8.981013377970001	-0.7725967224400001	-6.5485996146900005	0.34800000000000003
ampc_round2_gen664	-12.01804	-8.692782076	-1.7738124641600002	-5.0554295413200006	0.29000000000000004
ampc_round2_gen14248	-11.80884	-9.365469342009998	-1.6855273087300002	-6.62796849798	0.522
ampc_round2_gen1275	-11.92068	-9.76847656935	-1.3207101127700003	-4.316865984180001	0.29000000000000004
ampc_round2_gen1519	-11.79398	-10.200367796310001	-0.5486632722500001	-5.8680162868500005	0.406
ampc_round2_gen1590	-12.45549	-10.603713545479998	-1.6940736240300003	-3.80351479086	0.29000000000000004
ampc_round2_gen7583	-11.96849	-9.18549296491	-1.2099523914499999	-2.97519055452	0.116
ampc_round2_gen796750	-11.88105	-9.63972212683	-0.7625978491600002	-4.9545192699000005	0.29000000000000004
ampc_round2_gen797345	-11.90406	-9.538309492489999	-1.2483999389100002	-4.595082968970001	0.29000000000000004
ampc_round2_gen4804	-11.93331	-10.523656583509997	-1.10876850713	-5.18444876889	0.406
ampc_round2_gen1436	-11.8037	-8.717177769950002	-0.7127476163500001	-6.517524091590001	0.34800000000000003
ampc_round2_gen1599	-12.60745	-10.71316212705	-1.10450972777	-4.46446590732	0.29000000000000004
ampc_round2_gen4629	-11.83127	-9.37741573898	-0.7693847527300001	-5.1435101449800005	0.29000000000000004
ampc_round2_gen800012	-12.289	-9.777292910029999	-1.0343436725700001	-5.78800709505	0.34800000000000003
ampc_round2_gen6242	-12.15865	-9.36424725897	-1.00519642391	-6.76790234217	0.406
ampc_round2_gen2336	-12.0149	-10.30666310847	-0.6099021628100001	-6.012925739370001	0.406
ampc_round2_gen218968	-12.14016	-10.375059282709998	-1.15898661375	-1.3155226453800002	0.29000000000000004
ampc_round2_gen1206	-11.93281	-9.95437953608	-0.6770715719600001	-5.48605757466	0.34800000000000003
ampc_round2_gen2284	-11.99211	-10.266286819920001	-1.16227503388	-5.82086255832	0.464
ampc_round2_gen45046	-13.52433	-11.479085994450001	-1.0023631994	-2.62377279594	0.34800000000000003
ampc_round2_gen797721	-12.3269	-9.62392990906	-0.8992848877	-5.40722326086	0.29000000000000004
ampc_round2_gen4333	-12.41927	-10.80202523119	-1.4286293492300002	-4.55249364147	0.34800000000000003
ampc_round2_gen8127	-12.1269	-9.468222522899998	-1.9100243177500003	-5.713490457900001	0.406
ampc_round2_gen435046	-12.68679	-9.686906960160002	-2.25414203646	-1.48877015526	0.29000000000000004
ampc_round2_gen2261	-12.22995	-9.96507398655	-1.2919125020400002	-4.5515361159	0.29000000000000004
ampc_round2_gen796437	-11.92334	-9.25070370236	-0.5957567309700001	-6.960147629310001	0.406
ampc_round2_gen554124	-11.96738	-11.29871143946	-1.48440624304	-1.28905264404	0.232
ampc_round2_gen955	-12.25558	-9.72514886718	-0.5771887475399999	-5.535707918940001	0.29000000000000004
ampc_round2_gen796656	-11.92337	-8.694321137969999	-1.6232980696100001	-5.09219734833	0.29000000000000004
ampc_round2_gen4138	-11.81039	-11.09239380211	-0.9784009023900001	-4.579398347670001	0.406
ampc_round2_gen1844	-11.99562	-10.370445216350001	-0.9770823079900001	-5.55751365462	0.406
ampc_round2_gen796759	-12.55405	-10.349641505569998	-0.76306321479	-6.57407096973	0.406
ampc_round2_gen4596	-12.05783	-10.001598208049998	-1.09083913019	-5.89972624407	0.406
ampc_round2_gen135149	-11.90192	-11.22714410277	-1.08976882431	-0.28013203593	0.522
ampc_round2_gen4745	-11.94607	-10.015341060259999	-1.5175176914600002	-3.9012058965600005	0.29000000000000004
ampc_round2_gen796770	-12.75965	-10.3746507682	-0.8674404822500001	-6.7423311225	0.406
ampc_round2_gen1239	-11.69452	-9.87841782107	-1.64087079482	-4.2763209444	0.34800000000000003
ampc_round2_gen798825	-12.12245	-10.35676543694	-0.8636256764300001	-5.861295984690001	0.406
ampc_round2_gen184	-12.0924	-10.641571208289998	-0.9267284843400001	-4.764564994860001	0.34800000000000003
ampc_round2_gen2285	-11.89814	-9.2151852816	-1.05277032793	-5.10768811476	0.29000000000000004
ampc_round2_gen4044	-11.85476	-8.91718581823	-1.60921576197	-4.09614165432	0.232
ampc_round2_gen1579	-11.75055	-9.90912211496	-0.7244606623500001	-4.54956819525	0.29000000000000004
ampc_round2_gen4007	-11.9762	-9.02947778243	-1.68421292261	-6.159039441840001	0.406
ampc_round2_gen3249	-11.95497	-8.075320471760001	-2.02605781943	-6.0479547269400005	0.34800000000000003
ampc_round2_gen797189	-12.10551	-9.7768853201	-0.86371685583	-6.07185761985	0.406
ampc_round2_gen57705	-12.14602	-11.066047588069999	-1.1575866592700002	-1.33838577126	0.522
ampc_round2_gen239203	-12.91549	-10.95418325735	-0.4805985515300001	-1.4830132530600002	0.406
ampc_round2_gen798044	-11.83224	-9.18164032317	-1.4246360422000002	-3.99044962944	0.232
ampc_round2_gen799505	-12.51964	-10.34723828805	-1.7679808401500001	-4.79270919735	0.34800000000000003
ampc_round2_gen299652	-12.06257	-10.097497009720001	-2.1337406908300003	-1.9423611791100002	0.6960000000000001
ampc_round2_gen3936	-12.68716	-10.02369699043	-1.69166438373	-4.68070220322	0.29000000000000004
ampc_round2_gen2385	-12.23155	-10.06304370954	-1.7273996947300003	-4.017747919770001	0.29000000000000004
ampc_round2_gen2640	-11.76918	-10.49264615021	-1.1002442853	-4.99596896574	0.406
ampc_round2_gen2023	-11.74975	-10.02230166715	-0.83389242478	-5.016858296580001	0.34800000000000003
ampc_round2_gen1534	-12.18471	-8.54779415383	-0.7746917445	-7.139334147480001	0.34800000000000003
ampc_round2_gen20871	-12.13028	-11.16965008503	-0.88048159128	-5.04434456739	0.406
ampc_round2_gen299434	-12.18679	-9.15477449992	-1.8404547862400003	-3.33440950302	0.34800000000000003
ampc_round2_gen341	-11.98742	-9.2681955519	-1.0762430617	-5.85104517414	0.34800000000000003
ampc_round2_gen797906	-11.85148	-8.894815468500003	-0.8697669597100001	-6.24121628355	0.34800000000000003
ampc_round2_gen5360	-11.77374	-8.413803720310002	-1.9279813992000001	-5.564457183600001	0.34800000000000003
ampc_round2_gen139259	-12.86462	-10.75582983602	-2.62670913073	-0.23099863797000003	0.87
ampc_round2_gen798741	-11.9008	-9.791349925439999	-0.80033454799	-5.48492381739	0.34800000000000003
ampc_round2_gen2711	-11.99834	-8.27725902776	-1.13898325615	-6.08887572768	0.29000000000000004
ampc_round2_gen734	-12.17902	-10.33779344924	-0.6001059883500001	-6.229379387700001	0.406
ampc_round2_gen892	-12.01753	-9.74956559138	-0.9070842333000001	-4.87631351583	0.29000000000000004
ampc_round2_gen1596	-11.9253	-9.91929249855	-0.44224849589000004	-5.74923024666	0.34800000000000003
ampc_round2_gen1007	-11.92862	-10.75970322692	-1.0186352154000002	-3.6384679294200004	0.29000000000000004
ampc_round2_gen1535	-12.2554	-10.34918534841	-1.0157272939200002	-5.9085789498	0.406
ampc_round2_gen174698	-12.36897	-9.54159679331	-1.20209307786	-1.6286335067700002	0.522
ampc_round2_gen1661	-11.76328	-7.0389995050100005	-1.39279303951	-8.83277979912	0.464
ampc_round2_gen796448	-12.64353	-9.15676246165	-1.7130599806300002	-7.32202180209	0.464
ampc_round2_gen3745	-12.03858	-9.38651465158	-1.17745394915	-7.108276247550001	0.464
ampc_round2_gen3073	-12.18288	-9.202686112149998	-0.8616607603600002	-7.103611981890001	0.406
ampc_round2_gen455	-12.3576	-9.87732618074	-1.3981466730500003	-4.691857669830001	0.29000000000000004
ampc_round2_gen139	-12.07969	-9.47454564885	-0.9881995316800001	-5.14439130348	0.29000000000000004
ampc_round2_gen797091	-12.60439	-9.49350133832	-1.23377265901	-6.299531353080001	0.34800000000000003
ampc_round2_gen4293	-12.06411	-8.006636490270003	-1.45541505143	-5.4176796750600005	0.232
ampc_round2_gen795868	-12.59382	-9.9869127395	-1.6301575660100003	-6.124991477400001	0.406
ampc_round2_gen2953	-11.79524	-9.35577793546	-1.7072991960000001	-4.8654693918900005	0.34800000000000003
ampc_round2_gen6871	-11.9506	-9.533689498	-1.5500971431500001	-4.36610512116	0.29000000000000004
ampc_round2_gen1168	-11.87524	-9.96049997942	-0.8379832236300001	-4.5504199818	0.29000000000000004
ampc_round2_gen247	-12.28923	-8.031080402039999	-0.66213498348	-4.30572814074	0.34800000000000003
ampc_round2_gen785642	-11.78631	-10.27419027382	-0.38875459398	-5.94796086036	0.406
ampc_round2_gen4527	-11.94915	-10.41965838372	-1.0923449930500002	-5.323965531390001	0.406
ampc_round2_gen417	-12.27092	-8.968243969249999	-1.3245035265000003	-5.5674942432300005	0.29000000000000004
ampc_round2_gen796610	-11.98094	-9.002873979859999	-1.0249655205900001	-6.858185842080001	0.406
ampc_round2_gen790	-12.13118	-8.905624849299999	-1.3360552551000002	-5.439567652200001	0.29000000000000004
ampc_round2_gen3881	-12.00169	-9.581557142810002	-0.8512252780300001	-5.77971833076	0.34800000000000003
ampc_round2_gen1354	-12.17698	-10.12604916042	-1.1583543196800001	-5.17440356199	0.34800000000000003
ampc_round2_gen800007	-12.31827	-9.6578514136	-0.92405973344	-6.781589670870001	0.406
ampc_round2_gen845	-12.2678	-10.104424222510001	-0.94622860179	-4.80492205416	0.29000000000000004
ampc_round2_gen240675	-13.68481	-10.29705347094	-2.23284743828	-1.9553083346700002	0.232
ampc_round2_gen964	-11.98442	-10.127548591810001	-1.67943126446	-5.078568763530001	0.406
ampc_round2_gen25783	-12.14409	-9.199276492660001	-0.8992319335100001	-2.75771476233	0.116
ampc_round2_gen2512	-12.21721	-10.548016175090002	-0.8829076647000001	-5.7867558499800005	0.406
ampc_round2_gen303671	-12.83464	-11.080981103149998	-0.57153387129	-1.9267822968300001	0.232
ampc_round2_gen798394	-11.93304	-9.053839320589997	-0.87135979369	-6.1953666696	0.34800000000000003
ampc_round2_gen140	-13.22583	-9.9298419514	-1.08502013102	-6.841578941550001	0.34800000000000003
ampc_round2_gen3799	-11.76138	-7.985729364649999	-1.5582815463700002	-7.02809082405	0.406
ampc_round2_gen1420	-12.49292	-9.602183051579999	-0.91284536862	-5.62740127245	0.29000000000000004
ampc_round2_gen785191	-11.76509	-10.890154109550002	-1.7678784386700002	-3.23401617792	0.34800000000000003
ampc_round2_gen795720	-12.69584	-9.69770109864	-1.7257872221100001	-6.10006644063	0.406
ampc_round2_gen6794	-11.90848	-9.594440814879999	-0.4908583381700001	-7.0472354610600005	0.464
ampc_round2_gen45233	-11.97911	-10.54809789338	-1.3725852296400003	-4.96444111461	0.406
ampc_round2_gen1003	-11.99329	-8.62698626466	-1.3070819486800003	-5.561114655690001	0.29000000000000004
ampc_round2_gen618	-12.32832	-9.58529961077	-0.91397388904	-5.4434976191099995	0.29000000000000004
ampc_round2_gen197176	-11.99961	-9.598883668390002	-1.23775790017	-1.1638106492400002	0.464
ampc_round2_gen492	-12.29793	-10.579039761899999	-0.9824275249700002	-5.4133502496300006	0.406
ampc_round2_gen624156	-12.09179	-10.891388533579999	-2.7377253105800006	-0.5805072198	0.87
ampc_round2_gen550138	-12.17094	-11.55193476045	-1.0118272704300002	-0.32201643663000007	0.5800000000000001
ampc_round2_gen2546	-11.9015	-9.857434166729998	-0.69378265184	-4.8255176655	0.29000000000000004
ampc_round2_gen796903	-12.0533	-10.01044862875	-0.7187812378000001	-6.257112382890001	0.406
ampc_round2_gen1015	-12.268	-10.058063790790001	-1.2813830347900002	-5.95298346381	0.406
ampc_round2_gen6331	-11.92512	-9.51196406409	-1.07852780705	-4.820589052290001	0.29000000000000004
ampc_round2_gen2510	-11.97569	-9.73547711598	-0.6778613258400001	-5.0641353873	0.29000000000000004
ampc_round2_gen796153	-11.94895	-9.782702060459998	-0.95034465032	-4.70781251307	0.29000000000000004
ampc_round2_gen736	-11.89433	-8.97219768695	-1.30917697074	-5.7977174617200005	0.34800000000000003
ampc_round2_gen334790	-13.05817	-10.435581480929999	-1.785783618	-1.5977165922000003	0.464
ampc_round2_gen77	-12.88777	-10.14067955104	-1.6211784992500002	-6.397968506310001	0.406
ampc_round2_gen5432	-11.97245	-9.91816430003	-0.77252412961	-6.875015969430001	0.464
ampc_round2_gen2301	-11.87239	-9.464882414769999	-1.6717771045200003	-4.901103441630001	0.34800000000000003
ampc_round2_gen1463	-11.9021	-9.013630670729999	-1.18265152564	-6.578371023210001	0.406
ampc_round2_gen9661	-11.83398	-9.08529238155	-1.28172951651	-4.2295314280500005	0.232
ampc_round2_gen471	-12.1483	-9.547884176209998	-1.0099412596100001	-5.14383911082	0.29000000000000004
ampc_round2_gen790053	-12.42474	-10.71313933482	-1.4760619251800002	-4.59037758258	0.34800000000000003
ampc_round2_gen182	-11.91801	-9.660074881669999	-0.70177908522	-6.438942376560001	0.406
ampc_round2_gen4310	-12.03707	-9.39742353527	-1.1131142576100002	-5.398517414880001	0.34800000000000003
ampc_round2_gen796914	-12.01498	-7.710279290190002	-1.75363200811	-8.51978642553	0.522
ampc_round2_gen176988	-11.78371	-9.82486375899	-1.5792408849100001	-0.38661710346	0.34800000000000003
ampc_round2_gen401	-12.13912	-9.225164437129997	-0.93334670602	-5.527472024160001	0.29000000000000004
ampc_round2_gen797796	-12.01443	-9.86571789768	-1.21078387744	-5.15028331665	0.34800000000000003
ampc_round2_gen3882	-11.77013	-10.365543808779996	-1.25551543901	-4.28268290877	0.34800000000000003
ampc_round2_gen2581	-12.3248	-9.567162986900001	-0.78542671609	-7.013992288050001	0.406
ampc_round2_gen526548	-12.63344	-11.27450418714	-1.3579281410900002	-0.0	0.34800000000000003
ampc_round2_gen2223	-11.77802	-10.007052306799999	-1.29361264716	-5.6457763643700005	0.464
ampc_round2_gen50289	-12.23478	-10.422611067299998	-0.45283196940000003	-5.65361280063	0.34800000000000003
ampc_round2_gen2940	-11.82418	-10.278235790890001	-0.6288040031200001	-5.75612678052	0.406
ampc_round2_gen3045	-12.0	-9.852939692759998	-1.7706106644600001	-3.8836179729000007	0.29000000000000004
ampc_round2_gen620	-12.20467	-7.920167679200001	-1.6762761065300003	-6.173754788790001	0.29000000000000004
ampc_round2_gen389	-12.00923	-9.895888774620001	-0.9246902740600002	-5.41212250212	0.34800000000000003
ampc_round2_gen216826	-12.4323	-10.3070337145	-2.7093204726500004	-0.8824743633600001	0.464
ampc_round2_gen796559	-12.58542	-9.198871769230001	-1.6497685015	-6.88306388373	0.406
ampc_round2_gen1426	-11.77789	-9.90999238232	-0.7583629167200001	-5.24469651273	0.34800000000000003
ampc_round2_gen1702	-12.2291	-10.25664013682	-1.129467283	-5.85019338759	0.406
ampc_round2_gen926	-11.87965	-9.25343785639	-1.2624689203300001	-5.533634259270001	0.34800000000000003
ampc_round2_gen796855	-11.78512	-8.67852581878	-1.70892359208	-4.84555520979	0.29000000000000004
ampc_round2_gen3591	-11.8632	-9.30451397842	-0.87539378076	-5.85002890467	0.34800000000000003
ampc_round2_gen75	-12.24616	-9.231406535340001	-1.29304382798	-5.29841780928	0.29000000000000004
ampc_round2_gen40956	-11.91612	-9.71572413661	-0.76519646206	-5.61116445849	0.34800000000000003
ampc_round2_gen882	-11.98457	-8.2543762928	-0.7535510992300001	-6.484833111240001	0.29000000000000004
ampc_round2_gen20997	-12.4364	-9.970984306000002	-1.79101380866	-3.5780087075400004	0.232
ampc_round2_gen938	-12.18346	-9.782200109369999	-0.9139524969500001	-6.470951927670001	0.406
ampc_round2_gen799150	-12.23799	-8.802508072230001	-1.81764836347	-7.34629478157	0.464
ampc_round2_gen916	-11.92698	-9.50982376982	-1.0783647362000002	-4.82813764344	0.29000000000000004
ampc_round2_gen72918	-11.8618	-8.18328631356	-1.21931020341	-5.237053931340001	0.232
ampc_round2_gen795733	-12.08577	-7.99001719431	-1.3053313042	-7.033741987230001	0.34800000000000003
ampc_round2_gen3087	-12.24469	-9.693610496600002	-1.1605682256500003	-5.68756090044	0.34800000000000003
ampc_round2_gen2104	-11.93566	-9.425655106599997	-1.83890403506	-4.86133969572	0.34800000000000003
ampc_round2_gen795314	-12.11001	-9.04698826455	-1.33906136978	-5.61762628749	0.34800000000000003
ampc_round2_gen204735	-12.15115	-10.66751669572	-1.41152304172	-0.7850123588700001	0.232
ampc_round2_gen109543	-12.39292	-11.181905281249998	-0.93472842462	-5.34877895475	0.406
ampc_round2_gen2671	-12.01165	-10.14047726305	-1.21552345279	-4.86974594781	0.34800000000000003
ampc_round2_gen1066	-12.20198	-9.401966174950001	-1.4789986032400002	-6.31927517787	0.406
ampc_round2_gen789893	-11.78312	-11.240454448729999	-0.8885383433400001	-5.15870719191	0.464
ampc_round2_gen3472	-11.93795	-9.600223282359998	-1.7255066701100001	-4.793854703400001	0.34800000000000003
ampc_round2_gen788611	-12.01698	-12.041138260570001	-1.0997263161700002	-5.197724890290001	0.522
ampc_round2_gen170	-11.82524	-9.029880270269999	-0.7369326015100001	-5.51565862587	0.29000000000000004
ampc_round2_gen7808	-11.94878	-8.24489121165	-0.77056131768	-6.7810492269900005	0.34800000000000003
ampc_round2_gen1658	-12.12846	-9.634703323580002	-1.65302360608	-5.800372686000001	0.406
ampc_round2_gen2912	-11.9026	-9.590717658789998	-1.0031641753600002	-5.48448323814	0.34800000000000003
ampc_round2_gen3174	-11.97885	-9.67359941891	-1.67808601762	-4.12870927248	0.29000000000000004
ampc_round2_gen1211	-12.35179	-9.92207219265	-0.9022629471800001	-5.85959241159	0.34800000000000003
ampc_round2_gen797511	-12.49226	-9.31393579317	-0.9663704819400002	-6.593297848200001	0.34800000000000003
ampc_round2_gen6558	-12.13394	-10.47319749995	-0.9853308874800001	-4.932314075700001	0.34800000000000003
ampc_round2_gen1435	-12.16669	-9.5351705981	-0.83671092031	-5.34850873281	0.29000000000000004
ampc_round2_gen940	-12.22006	-9.322596431799997	-1.3517381119	-5.478185892060001	0.34800000000000003
ampc_round2_gen41	-12.33369	-7.728953348910001	-0.8893365137800001	-8.40001348782	0.406
ampc_round2_gen797051	-12.0538	-9.07728741391	-0.7615054498100001	-6.792234065550001	0.406
ampc_round2_gen525	-11.92203	-8.52947158183	-1.54771736081	-5.324881936230001	0.29000000000000004
ampc_round2_gen9225	-11.85886	-10.2640176106	-1.8981096250000002	-3.15813668229	0.29000000000000004
ampc_round2_gen2358	-12.27505	-10.16912448955	-1.5148356143400001	-4.17945812769	0.29000000000000004
ampc_round2_gen4444	-11.8662	-9.8446390388	-0.8188516813700001	-3.96966603762	0.232
ampc_round2_gen2705	-12.68999	-10.283784817289998	-1.7131315213900002	-5.88856490307	0.406
ampc_round2_gen114777	-12.57755	-11.242380712220001	-0.45886874706	-3.44821993488	0.34800000000000003
ampc_round2_gen1526	-12.06578	-9.855268301359999	-1.007707715	-4.72961237436	0.29000000000000004
ampc_round2_gen585839	-13.00126	-11.410110134590001	-0.7906832085000002	-0.7958917291500002	0.5800000000000001
ampc_round2_gen797088	-12.06087	-11.576977393359998	-0.79976432605	-4.6176053802300006	0.406
ampc_round2_gen3257	-12.06636	-9.905817295270001	-1.70474021107	-3.98262494196	0.29000000000000004
ampc_round2_gen796854	-11.90388	-8.59536186999	-0.7136274975600001	-7.125834799260001	0.406
ampc_round2_gen7272	-11.91677	-8.877311301260002	-1.5861596479200002	-5.29612679718	0.34800000000000003
ampc_round2_gen3041	-11.91395	-8.582655970209998	-1.24407908742	-5.57474324049	0.29000000000000004
ampc_round2_gen795611	-12.00175	-10.21210835865	-0.8793870877900001	-4.4199497799000005	0.29000000000000004
ampc_round2_gen9	-12.00902	-9.4953628136	-1.6141369947400002	-5.10470979903	0.34800000000000003
ampc_round2_gen21768	-13.36491	-12.46270777434	-1.06994677344	-0.6184675279800002	0.5800000000000001
ampc_round2_gen31493	-12.03277	-10.72143102115	-1.77521873106	-3.75977995731	0.34800000000000003
ampc_round2_gen206	-11.95915	-8.2325039013	-0.90233659208	-6.66182260755	0.34800000000000003
ampc_round2_gen291366	-12.07363	-11.937539520969999	-1.4520375560400003	-0.09508287654000001	0.17400000000000002
ampc_round2_gen153332	-12.79467	-10.515621673070001	-0.9539343131600001	-2.0716800005700002	0.464
ampc_round2_gen797764	-12.11957	-9.09592287091	-0.9223574841800001	-6.34973976441	0.34800000000000003
ampc_round2_gen798754	-11.87425	-9.22574762585	-0.81122417387	-6.009031018800001	0.34800000000000003
ampc_round2_gen799742	-11.76167	-9.24182508418	-0.6058306519100001	-6.72352720011	0.406
ampc_round2_gen3788	-11.91864	-10.73480062155	-0.73889401068	-5.324288622840001	0.406
ampc_round2_gen3084	-12.33048	-11.24486969022	-1.21669545877	-4.91662358001	0.406
ampc_round2_gen3476	-12.06608	-9.01503615207	-0.7804062380500001	-5.092285464180001	0.232
ampc_round2_gen49032	-11.86585	-10.49132658271	-1.70717820795	-5.9210326566	0.522
ampc_round2_gen1002	-12.55071	-8.269748044649997	-1.3176250928400002	-7.36418229912	0.34800000000000003
ampc_round2_gen1452	-11.98742	-9.60210668674	-1.09287208012	-4.79535267285	0.29000000000000004
ampc_round2_gen2651	-12.35707	-11.149247605460001	-1.28526622516	-4.26315056202	0.34800000000000003
ampc_round2_gen1147	-12.0227	-8.88091818165	-1.21242159974	-6.148794505680001	0.34800000000000003
ampc_round2_gen120521	-12.89019	-10.45101368287	-1.05825652229	-1.3822674645600002	0.522
ampc_round2_gen799339	-11.90076	-9.569656214639998	-1.53987768586	-4.967783642520001	0.34800000000000003
ampc_round2_gen423	-12.01859	-10.220094442819999	-0.8449675656700001	-5.874436995120001	0.406
ampc_round2_gen131	-12.12062	-10.13832115691	-0.70167282615	-6.23800886661	0.406
ampc_round2_gen796399	-12.22661	-9.801306036149999	-1.61758182261	-5.449601110320001	0.406
ampc_round2_gen343	-12.02918	-8.56125054128	-1.5475911124100001	-5.798193287310001	0.34800000000000003
ampc_round2_gen467619	-12.45499	-11.52152621489	-0.9490828677000002	-0.71246951676	0.406
ampc_round2_gen25510	-12.2925	-9.750649768879999	-0.8640408933900001	-6.706450348380001	0.406
ampc_round2_gen168127	-12.01976	-8.79866198172	-1.57094566365	-2.3565174228900005	0.116
ampc_round2_gen8122	-11.89462	-9.250313871709999	-1.4702457315300002	-5.34861447183	0.34800000000000003
ampc_round2_gen22918	-12.82272	-11.06637512084	-1.70370497419	-5.30680056381	0.406
ampc_round2_gen690972	-11.8233	-9.76880316806	-1.87151189264	-2.95044174945	0.638
ampc_round2_gen2995	-12.07851	-9.710298168400001	-0.8324696754500001	-6.83031186153	0.464
ampc_round2_gen351	-12.56599	-8.806638928509999	-1.45974922914	-7.44137178372	0.406
ampc_round2_gen2992	-11.91112	-9.30809360777	-1.1130314947700002	-4.97941493472	0.29000000000000004
ampc_round2_gen500	-11.78883	-8.769384331760001	-1.66098742529	-4.809380716170001	0.29000000000000004
ampc_round2_gen1111	-12.56205	-8.513390094750001	-0.9509576564400001	-7.514037988020001	0.34800000000000003
ampc_round2_gen805	-12.15312	-10.659735360180001	-0.9008174030000001	-5.56755886152	0.406
ampc_round2_gen3478	-12.0268	-10.9988520835	-1.86054406289	-4.08402278775	0.406
ampc_round2_gen1209	-11.88973	-9.82385394204	-1.6091389608600002	-3.93545946465	0.29000000000000004
ampc_round2_gen796428	-11.88305	-9.10425445516	-1.5820681476900003	-5.720939184420001	0.406
ampc_round2_gen470	-11.95753	-9.716712832639999	-1.21549890449	-5.22287315388	0.34800000000000003
ampc_round2_gen5742	-11.86371	-8.73647728823	-1.49650434666	-6.495970954680001	0.406
ampc_round2_gen775909	-13.24927	-13.65481778564	-1.43653179769	-2.4142391790300004	0.812
ampc_round2_gen799993	-12.36108	-9.743375011480001	-1.7534156323800003	-5.1986824158600005	0.34800000000000003
ampc_round2_gen798342	-12.03342	-10.29334734695	-0.77945376401	-5.876058326760001	0.406
ampc_round2_gen171256	-11.95175	-10.61644356506	-1.2909786145700002	-0.7452897336900001	0.812
ampc_round2_gen787713	-11.76379	-10.334073522279999	-0.57055719964	-4.98604124664	0.34800000000000003
ampc_round2_gen1670	-11.95309	-8.19673673965	-1.05795563027	-6.88993104564	0.34800000000000003
ampc_round2_gen1427	-11.86759	-9.15116425088	-0.8130425015200001	-5.718959514990001	0.34800000000000003
ampc_round2_gen42332	-12.29328	-8.83435789819	-1.6510846410700002	-3.24360905679	0.116
ampc_round2_gen271	-11.86489	-8.530196997170002	-0.58382310096	-7.954106166090001	0.464
ampc_round2_gen58992	-12.03607	-10.74327412053	-0.5115711416400001	-6.41711901771	0.464
ampc_round2_gen1292	-11.94972	-9.87738402948	-0.9169863161400001	-5.34255797574	0.34800000000000003
ampc_round2_gen1068	-11.91455	-9.430517650459999	-1.55179693758	-5.11462576935	0.34800000000000003
ampc_round2_gen766249	-12.30772	-10.719705583220001	-1.2157903278800002	-1.09277752536	0.464
ampc_round2_gen23	-12.07079	-10.162454002100002	-1.1229234076	-5.72160299049	0.464
ampc_round2_gen554	-12.04868	-9.07981316703	-1.7091112112300002	-5.13111518208	0.34800000000000003
ampc_round2_gen778649	-12.77838	-12.146723052089998	-2.12486858452	-0.0	0.5800000000000001
ampc_round2_gen798689	-11.87453	-9.089925015070001	-1.57808360791	-6.063474865320001	0.406
ampc_round2_gen1870	-12.66876	-9.82608280865	-1.33907224117	-5.20969102272	0.29000000000000004
ampc_round2_gen334	-12.10343	-7.504889075200001	-0.42193688178000005	-8.42202482715	0.34800000000000003
ampc_round2_gen262	-12.50949	-8.76155616236	-1.7630915201700001	-7.12003090194	0.406
ampc_round2_gen2428	-11.85945	-8.9303047428	-1.49800179296	-4.8975083149500005	0.29000000000000004
ampc_round2_gen1458	-12.02254	-8.86426284741	-1.13022407202	-5.545165686840001	0.29000000000000004
ampc_round2_gen906	-11.92585	-9.8259856493	-0.8414564573900001	-4.745038522500001	0.29000000000000004
ampc_round2_gen797156	-12.12911	-10.873438745260001	-1.1001187382800002	-5.12035917399	0.464
ampc_round2_gen128	-11.85083	-10.2616961981	-0.9073952953300001	-4.83742505403	0.34800000000000003
ampc_round2_gen795755	-11.9816	-8.452701758280002	-1.23741282121	-6.136381919610001	0.34800000000000003
ampc_round2_gen796092	-11.84326	-9.768745624720001	-0.9281915630200002	-4.61440383768	0.29000000000000004
ampc_round2_gen980	-11.88648	-9.662751634400003	-0.7692672715800001	-4.9327840269	0.29000000000000004
ampc_round2_gen14171	-11.98425	-10.57588475364	-2.0364904962400003	-2.17599741819	0.232
ampc_round2_gen798682	-12.09322	-9.599960295549998	-1.0202718856300002	-6.069778085790001	0.406
ampc_round2_gen709	-11.99263	-10.09755414498	-0.7609706475600001	-4.63670889651	0.29000000000000004
ampc_round2_gen26	-12.11152	-10.04757084978	-1.65097697924	-4.6517708324700004	0.34800000000000003
ampc_round2_gen795311	-11.89391	-8.26044080562	-1.12765281294	-7.367489580690001	0.406
ampc_round2_gen795693	-12.09547	-8.96637818388	-0.6501641803300001	-6.011181045540001	0.29000000000000004
ampc_round2_gen1306	-12.18917	-9.64914585115	-0.8358050880400001	-5.2690517336700005	0.29000000000000004
ampc_round2_gen8568	-12.28027	-10.87583369647	-1.1114270880200001	-4.96098697329	0.406
ampc_round2_gen211076	-13.51353	-11.53027918461	-0.7232690177300001	-1.2629351061000003	0.5800000000000001
ampc_round2_gen716688	-12.48438	-13.53451476681	-1.25876352979	-0.25249890537	0.9860000000000001
ampc_round2_gen391047	-12.04091	-10.044334972219998	-1.13277499108	-0.8614792935	0.116
ampc_round2_gen34	-11.79862	-8.938627079420002	-1.5639455405600002	-6.128134276050001	0.406
ampc_round2_gen205	-12.03034	-10.258220012970002	-0.9572062508600001	-4.33568752974	0.29000000000000004
ampc_round2_gen306805	-11.90702	-10.37673219677	-0.99514214161	-5.4014898562199996	0.406
ampc_round2_gen7477	-11.83558	-10.780223720639999	-0.9073679415100001	-4.29158848401	0.34800000000000003
ampc_round2_gen480	-12.04557	-8.596443001050002	-1.8968096171700002	-5.786256526830001	0.34800000000000003
ampc_round2_gen36958	-12.20224	-9.9360046427	-1.5263536767	-2.1667805002800002	0.116
ampc_round2_gen12314	-11.92264	-9.881616546969997	-2.28816983785	-3.9391544559600002	0.34800000000000003
ampc_round2_gen781650	-12.56058	-10.6400928854	-1.7283570784300002	-1.65574969101	0.34800000000000003
ampc_round2_gen3199	-11.9864	-10.54594626406	-1.0307501521400002	-4.61193071949	0.34800000000000003
ampc_round2_gen255	-12.08567	-8.743553914700001	-1.44524889902	-5.7808755855900005	0.34800000000000003
ampc_round2_gen3555	-11.93982	-10.193228330059998	-0.7880477731500001	-4.4436881898900005	0.29000000000000004
ampc_round2_gen1227	-11.96086	-8.269247444689999	-1.01279903242	-6.1739251461	0.29000000000000004
ampc_round2_gen347	-12.01929	-9.753744528519999	-1.3489662581400002	-4.435875251190001	0.29000000000000004
ampc_round2_gen1214	-12.03262	-8.91118459808	-1.0025483637200001	-5.628264807780001	0.29000000000000004
ampc_round2_gen1774	-11.88339	-9.018532460620001	-1.4170891934	-5.61599320707	0.34800000000000003
ampc_round2_gen2893	-12.19587	-10.494192144339998	-1.70331150001	-4.27690250901	0.34800000000000003
ampc_round2_gen467246	-12.22766	-10.28193306515	-1.6771468698	-0.9845183920500001	0.34800000000000003
ampc_round2_gen798970	-11.7818	-8.988874741370001	-1.7747922920200003	-5.15027156787	0.34800000000000003
ampc_round2_gen4053	-12.15399	-10.2118978327	-1.55245237719	-4.653116067780001	0.34800000000000003
ampc_round2_gen69	-11.79419	-8.445124005290001	-1.1209739218900001	-6.705951025230001	0.406
ampc_round2_gen3655	-11.97172	-10.91825558207	-0.7507901168600001	-5.197748387850001	0.406
ampc_round2_gen3219	-12.55462	-10.468691309980002	-1.37537005893	-5.128037001720001	0.34800000000000003
ampc_round2_gen10891	-11.83627	-10.743018334419999	-0.7590053808	-5.18014284102	0.406
ampc_round2_gen5606	-11.97231	-10.310514202810001	-1.53988224483	-3.62119134843	0.29000000000000004
ampc_round2_gen3982	-11.85329	-9.235908478039999	-1.04715998931	-4.34703097683	0.232
ampc_round2_gen5426	-12.01318	-10.29506344458	-1.89556186215	-3.3345622371600006	0.29000000000000004
ampc_round2_gen2019	-12.57727	-9.81933341263	-0.8675292068200001	-7.03664981028	0.406
ampc_round2_gen621152	-11.9288	-10.60946884258	-0.85653297118	-6.044647445370001	0.464
ampc_round2_gen3129	-12.0297	-10.16995121407	-1.4443623547000002	-4.98280445775	0.406
ampc_round2_gen307928	-12.48394	-9.443157371849999	-2.27360217525	-0.7657561084500001	0.522
ampc_round2_gen797240	-12.08759	-9.808046204699998	-0.88853939541	-5.6275775041500005	0.34800000000000003
ampc_round2_gen19409	-12.09988	-9.8628965177	-1.56024365692	-3.50987165793	0.232
ampc_round2_gen2978	-12.45232	-8.503751204239999	-0.79442927908	-8.254704576780002	0.406
ampc_round2_gen4864	-12.03183	-10.041314361649999	-1.21315699667	-4.99299065001	0.34800000000000003
ampc_round2_gen798121	-12.15742	-9.03512485696	-0.87843110685	-6.5121137784	0.34800000000000003
ampc_round2_gen1752	-12.21781	-9.53246939052	-0.9831204884100001	-6.708077554410001	0.406
ampc_round2_gen4999	-12.14664	-10.073379654700002	-1.7331874824900002	-3.88387644606	0.29000000000000004
ampc_round2_gen110	-12.52625	-10.638074669840002	-0.77685234559	-6.23081861325	0.406
ampc_round2_gen4279	-12.12851	-11.35294340376	-0.77605978619	-3.5445423077100005	0.29000000000000004
ampc_round2_gen13566	-12.34197	-10.48092911789	-0.88992882919	-6.016315262400001	0.406
ampc_round2_gen757	-12.14229	-8.682125186049998	-1.44380616036	-6.27933520026	0.34800000000000003
ampc_round2_gen1581	-12.6004	-9.917922649409999	-1.3405440871000003	-6.50484128358	0.406
ampc_round2_gen798138	-12.28533	-10.351834860499999	-0.72412890961	-5.5227725121599995	0.34800000000000003
ampc_round2_gen630	-12.11489	-9.39180780103	-1.8193236096	-4.45060234692	0.29000000000000004
ampc_round2_gen1719	-11.95172	-9.475844731749998	-1.0397243092400001	-5.62794759072	0.34800000000000003
ampc_round2_gen3062	-11.98256	-9.395923331159999	-1.0681982331000002	-5.0177277063000005	0.29000000000000004
ampc_round2_gen2575	-12.03176	-9.49623534972	-1.67880633488	-5.778467085690001	0.406
ampc_round2_gen796615	-12.11597	-9.77283868978	-1.785853756	-4.80447560052	0.34800000000000003
ampc_round2_gen2745	-11.89275	-8.90206720428	-1.0956625204500001	-4.67956844595	0.232
ampc_round2_gen280	-12.1481	-8.582140546959998	-1.6562762558300002	-5.4622545463800005	0.29000000000000004
ampc_round2_gen738906	-12.52613	-11.87439534149	-0.9330114463800001	-0.44957294109000007	0.5800000000000001
ampc_round2_gen4589	-12.5772	-10.199284857090001	-1.68025819148	-4.378306229190001	0.29000000000000004
ampc_round2_gen428	-12.15838	-9.50735808102	-1.22217323657	-4.98022560054	0.29000000000000004
ampc_round2_gen79	-12.01026	-10.346779729880001	-0.95762953369	-4.92554677842	0.34800000000000003
ampc_round2_gen239735	-12.78078	-10.13342559991	-2.1371707897200003	-2.0008994754600002	0.232
ampc_round2_gen799829	-11.93614	-8.851163003749999	-1.16272251432	-5.410677402180001	0.29000000000000004
ampc_round2_gen1909	-11.81146	-9.769562660029997	-0.8554325059600001	-4.63479971976	0.29000000000000004
ampc_round2_gen86	-11.89394	-9.283695590859999	-1.3362726829000002	-4.7511067673700005	0.29000000000000004
ampc_round2_gen2549	-12.00809	-8.94374536793	-1.2604124741700002	-6.36798561975	0.406
ampc_round2_gen1447	-12.15469	-9.751540042319998	-0.9538659286100001	-5.70718723743	0.34800000000000003
ampc_round2_gen1542	-11.97844	-9.91162557343	-0.79459129786	-4.77449858835	0.29000000000000004
ampc_round2_gen24	-11.99254	-8.409963189710002	-0.8987314988800001	-6.886858739670001	0.34800000000000003
ampc_round2_gen509	-11.92424	-8.788801252599999	-1.61265217328	-5.0065663653	0.29000000000000004
ampc_round2_gen728	-11.97018	-9.821174721959999	-0.7413811041600001	-4.91103116073	0.29000000000000004
ampc_round2_gen1294	-12.16759	-9.2888764873	-0.78098277241	-5.65600367736	0.29000000000000004
ampc_round2_gen799196	-11.85684	-8.488530130909998	-1.8624777675500002	-7.04979082071	0.464
ampc_round2_gen2063	-12.02799	-8.84287406567	-1.8558676117400001	-5.55371292429	0.34800000000000003
ampc_round2_gen1272	-11.75576	-8.906616981380001	-1.81969463962	-5.83884406611	0.406
ampc_round2_gen796743	-12.57185	-10.323109372629999	-1.44679544192	-5.9435374446900004	0.406
ampc_round2_gen465	-12.1464	-9.776365922430003	-1.00113192681	-5.631742446660001	0.34800000000000003
ampc_round2_gen4666	-12.06122	-9.843286967360001	-1.64323339335	-6.2164498553100005	0.464
ampc_round2_gen798200	-11.8289	-9.80416831491	-0.8825499609	-5.292149835150001	0.34800000000000003
ampc_round2_gen944	-12.0132	-9.782565776350001	-1.0805000876100002	-4.6564174749600005	0.29000000000000004
ampc_round2_gen137	-12.35137	-9.520893464929998	-1.32028647925	-6.560947582470001	0.406
ampc_round2_gen996	-12.05475	-8.86015137069	-1.32013918945	-5.399016738030001	0.29000000000000004
ampc_round2_gen799667	-12.23839	-10.07093095417	-0.86579364201	-5.59597328595	0.34800000000000003
ampc_round2_gen551	-11.8886	-9.69001999399	-0.8782732963500001	-5.835472166250001	0.406
ampc_round2_gen735219	-12.37939	-11.224168012400002	-0.9548885406500002	-0.20199677454	0.17400000000000002
ampc_round2_gen10293	-12.10515	-8.66703116559	-1.079178337	-4.48089070176	0.17400000000000002
ampc_round2_gen2805	-11.79789	-9.354147369340001	-1.03676448564	-5.53955564439	0.34800000000000003
ampc_round2_gen12256	-12.02358	-9.118509699349998	-1.7003993702500002	-3.31169323689	0.17400000000000002
ampc_round2_gen4507	-11.8633	-10.066081837849998	-1.4940502180400002	-4.4731130094000005	0.34800000000000003
ampc_round2_gen508277	-11.97523	-9.67236228659	-2.02966501677	-2.3718437064000004	0.29000000000000004
ampc_round2_gen527	-12.05364	-9.472468768229998	-0.7579890811800001	-6.0558205351500005	0.34800000000000003
ampc_round2_gen321	-12.07047	-9.209374104310001	-1.2523557221100001	-5.84898326325	0.34800000000000003
ampc_round2_gen798294	-12.0745	-8.61244583639	-0.9144287339700001	-6.786712138950001	0.34800000000000003
ampc_round2_gen8008	-12.18492	-8.74004659269	-1.3833601798900002	-3.4895873892600004	0.17400000000000002
ampc_round2_gen59530	-12.1638	-10.522882420010001	-1.1265313063200002	-2.28980197566	0.464
ampc_round2_gen796391	-12.01974	-8.91305242816	-0.8302918905500001	-6.8452739328600005	0.406
ampc_round2_gen800009	-12.25407	-8.96105913132	-1.09935949443	-6.49264604994	0.34800000000000003
ampc_round2_gen1130	-12.18045	-9.85601417722	-0.97673021523	-6.331141445670001	0.406
ampc_round2_gen11530	-11.76889	-8.59421700434	-1.8347480078700003	-4.09279325202	0.232
ampc_round2_gen796517	-11.88761	-8.78476557866	-1.89697900044	-5.37913780227	0.34800000000000003
ampc_round2_gen791668	-12.78001	-9.63909034005	-0.9580657920500001	-3.6845348958	0.6960000000000001
ampc_round2_gen796424	-11.96616	-8.63947612833	-1.6636996617500002	-5.51662202583	0.34800000000000003
ampc_round2_gen517	-11.98221	-9.015417304420001	-1.4278185539500001	-5.04978425253	0.29000000000000004
ampc_round2_gen403	-11.92804	-9.26995630116	-1.3657418649800002	-4.776184538280001	0.29000000000000004
ampc_round2_gen515	-12.08437	-9.80256936398	-1.7204079882	-4.09731653232	0.29000000000000004
ampc_round2_gen874	-11.96449	-9.33333786135	-0.66114428423	-6.866486355150001	0.464
ampc_round2_gen54191	-11.8049	-9.61320314424	-2.00299539296	-4.33436579199	0.34800000000000003
ampc_round2_gen3633	-11.91522	-8.60750274678	-1.74568958099	-5.74737981381	0.34800000000000003
ampc_round2_gen4403	-11.86249	-10.66581631445	-1.67319038522	-4.379645590110001	0.406
ampc_round2_gen81	-12.1175	-10.32399762888	-1.60443971486	-4.42995386607	0.34800000000000003
ampc_round2_gen345066	-12.10377	-11.017112312150001	-1.08074066095	-1.06713581301	0.522
ampc_round2_gen113270	-11.80157	-8.93171933072	-0.7052186527400001	-2.16701547588	0.116
ampc_round2_gen17855	-11.76013	-10.047504031139999	-1.2804410814500002	-3.1818633435000003	0.232
ampc_round2_gen796629	-12.2423	-9.938452828639997	-1.01917983697	-4.86679700403	0.29000000000000004
ampc_round2_gen1207	-12.00829	-9.384501416629998	-1.13591051037	-6.402914742690001	0.406
ampc_round2_gen1301	-11.97505	-10.10119770391	-0.8391646982400001	-4.53653292384	0.29000000000000004
ampc_round2_gen310428	-13.53918	-11.48544620318	-0.5712554234300001	-2.2746989189700004	0.406
ampc_round2_gen2688	-12.39513	-8.6781126467	-1.12919795308	-5.48580497589	0.232
ampc_round2_gen387	-12.38034	-8.67842993002	-1.18903127812	-6.841202980590001	0.34800000000000003
ampc_round2_gen1037	-12.09867	-10.028840236839999	-0.89268665535	-4.71721741146	0.29000000000000004
ampc_round2_gen240516	-12.41479	-11.60136942158	-0.7912271286900001	-1.83218699466	0.754
ampc_round2_gen543	-12.65157	-9.6361018679	-0.8791952603600002	-6.567027576120001	0.34800000000000003
ampc_round2_gen796394	-12.39003	-11.03036951014	-0.76948540076	-4.93810622424	0.34800000000000003
ampc_round2_gen798203	-12.23562	-8.91819565145	-1.05260690639	-6.912318345930001	0.406
ampc_round2_gen207	-12.31277	-9.90023810504	-1.02269445215	-5.711587155540001	0.34800000000000003
ampc_round2_gen3150	-12.27623	-8.45023740877	-1.50398772057	-6.62641765902	0.34800000000000003
ampc_round2_gen5835	-11.78013	-9.587406397970001	-0.82599243115	-5.49992700945	0.34800000000000003
ampc_round2_gen785566	-12.41309	-10.68528823074	-1.0925736429300001	-6.43531787793	0.464
ampc_round2_gen796419	-12.21035	-9.37230818549	-1.27628154736	-5.13659598795	0.29000000000000004
ampc_round2_gen643	-12.0303	-10.25091757195	-1.0205938190500001	-4.2797927088900005	0.29000000000000004
ampc_round2_gen797518	-12.29857	-9.78770034269	-0.9277973874600001	-5.896577571030001	0.34800000000000003
ampc_round2_gen1980	-11.9409	-10.001202940919999	-1.1570732491100002	-5.67268694496	0.406
ampc_round2_gen798711	-11.97783	-8.642140078179999	-1.2336137964400002	-6.30953543925	0.34800000000000003
ampc_round2_gen2876	-12.09418	-9.59701814648	-1.85352184633	-4.87848116574	0.34800000000000003
ampc_round2_gen150	-12.70485	-10.37893939368	-0.8146886403800001	-6.71541466752	0.406
ampc_round2_gen799454	-11.95433	-9.336202233000002	-0.9170518951700001	-6.2500572405	0.406
ampc_round2_gen132007	-12.40777	-11.09487839496	-0.5640582125600001	-1.46978412678	0.116
ampc_round2_gen799065	-12.3862	-9.14768814795	-0.82908797178	-6.0334684812	0.29000000000000004
ampc_round2_gen135	-12.58026	-8.436459963649998	-1.0033297010400002	-6.814010429280001	0.29000000000000004
ampc_round2_gen796045	-11.97181	-9.31225216724	-1.4421694901300002	-5.4175328153099995	0.34800000000000003
ampc_round2_gen795838	-11.90712	-8.737645062670001	-1.2454355563400001	-6.79453682643	0.406
ampc_round2_gen797617	-12.04077	-10.001794981240002	-1.5737038405000001	-5.752578648960001	0.464
ampc_round2_gen6115	-12.00903	-10.393850426259998	-1.3826002346600001	-4.442190220440001	0.34800000000000003
ampc_round2_gen799780	-11.91628	-10.090448125279998	-0.71005326508	-5.99083215858	0.406
ampc_round2_gen937	-11.90954	-9.588170991600002	-0.6571934106900001	-5.8392905197500005	0.34800000000000003
ampc_round2_gen3096	-11.7801	-9.50572701244	-1.3311652337400002	-5.0851187083800005	0.34800000000000003
ampc_round2_gen798190	-12.10938	-10.323481416999998	-0.8418162653300001	-5.908561326630001	0.406
ampc_round2_gen2571	-11.98118	-9.95968782254	-1.3085166214700001	-5.96196540612	0.464
ampc_round2_gen799337	-11.82627	-8.89198299393	-1.7800512392600003	-5.30685930771	0.34800000000000003
ampc_round2_gen3435	-11.81938	-10.14062977448	-1.4468827637300001	-4.376861129250001	0.34800000000000003
ampc_round2_gen783808	-12.68747	-10.65318129248	-1.0012925428300001	-5.47814477133	0.34800000000000003
ampc_round2_gen1260	-12.23411	-8.990374824699998	-1.9936628306800002	-5.53489137873	0.34800000000000003
ampc_round2_gen231830	-12.63489	-11.03317380559	-1.2028154992600002	-6.30356705901	0.464
ampc_round2_gen1005	-11.97707	-9.08382094564	-1.5243838509700003	-5.219360268660001	0.34800000000000003
ampc_round2_gen688	-11.88704	-9.562144631539999	-0.9808199620100001	-4.82479511553	0.29000000000000004
ampc_round2_gen3407	-12.37393	-10.232543401320001	-0.98660003459	-5.49646111935	0.34800000000000003
ampc_round2_gen5095	-12.03802	-11.248690462889998	-1.00591148082	-4.71444469938	0.406
ampc_round2_gen8426	-12.14192	-8.70943520143	-0.4726214061000001	-4.378118248710001	0.116
ampc_round2_gen14	-12.09141	-7.295020190979999	-0.9446746944000001	-7.723037035440001	0.34800000000000003
ampc_round2_gen1716	-12.37103	-10.566406061430001	-0.86637228051	-6.7246433342100005	0.464
ampc_round2_gen94262	-13.99705	-10.463278670829999	-2.36211212297	-1.17147672819	0.638
ampc_round2_gen790255	-13.39239	-12.20035844154	-0.88531795707	-0.30703674213	0.754
ampc_round2_gen2198	-12.17714	-9.785836276840001	-1.0379845361500002	-5.633346155130001	0.34800000000000003
ampc_round2_gen3040	-12.2653	-10.04421280367	-1.53235994433	-4.9945826097	0.34800000000000003
ampc_round2_gen4791	-11.86541	-9.10526595049	-1.71679833603	-5.20409272905	0.34800000000000003
ampc_round2_gen875	-11.91462	-10.053691141589999	-0.7347099282900001	-4.611073058550001	0.29000000000000004
ampc_round2_gen2837	-12.00453	-8.803970908860002	-1.94884675282	-5.463235569510001	0.34800000000000003
ampc_round2_gen6522	-12.4108	-10.54498264795	-1.4607041580100002	-5.47830337986	0.406
ampc_round2_gen799834	-11.74706	-9.017340171099999	-1.11177286836	-5.0538082096800006	0.29000000000000004
ampc_round2_gen798128	-12.28642	-10.10770798848	-0.7389960614700001	-5.74736219064	0.34800000000000003
ampc_round2_gen291679	-11.80929	-10.881543570999998	-1.08029738879	-1.23157761228	0.17400000000000002
ampc_round2_gen1708	-12.17572	-9.133537070300001	-1.01421687209	-5.58974643255	0.29000000000000004
ampc_round2_gen2172	-11.99148	-10.078252480300002	-0.61796382453	-5.50544306166	0.34800000000000003
ampc_round2_gen310	-12.20617	-8.60492658595	-1.2822843080900002	-6.23884890438	0.34800000000000003
ampc_round2_gen7118	-11.94826	-10.219018364059998	-1.8280189681500003	-3.3994801210500003	0.29000000000000004
ampc_round2_gen3644	-11.99364	-9.38891025712	-1.69368856641	-5.12351959581	0.34800000000000003
ampc_round2_gen865	-11.85278	-10.292457107730002	-1.1574519943100001	-3.8593508678100004	0.29000000000000004
ampc_round2_gen14004	-12.22132	-9.42280000401	-0.7057555591300001	-2.80747084563	0.17400000000000002
ampc_round2_gen4096	-11.94045	-10.27565438828	-0.82838098074	-4.3270521764400005	0.29000000000000004
ampc_round2_gen5344	-11.96408	-9.855714068820001	-1.1031206446800002	-5.910734850930001	0.406
ampc_round2_gen3167	-11.78323	-9.350281858559999	-1.16595412267	-5.405660673120001	0.34800000000000003
ampc_round2_gen78844	-11.75568	-8.4734460434	-0.38659820117000004	-3.5836833682800004	0.232
ampc_round2_gen158355	-13.34765	-11.64535079183	-1.1521902415500003	-0.5548655074500001	0.9860000000000001
ampc_round2_gen1610	-12.03507	-10.729677180809999	-1.2844631450600001	-4.24038730077	0.34800000000000003
ampc_round2_gen268	-12.1565	-9.721701305189999	-0.95196133122	-5.75138614779	0.34800000000000003
ampc_round2_gen3063	-12.58434	-9.20351907982	-0.7742232226600001	-8.12579696262	0.464
ampc_round2_gen5914	-11.8262	-9.708290869479999	-1.55084095664	-4.7113723934100005	0.34800000000000003
ampc_round2_gen4056	-11.9867	-10.90850676279	-1.0827546736200002	-4.19604740505	0.34800000000000003
ampc_round2_gen796876	-11.77919	-9.40706938205	-0.44640031480000003	-6.05683093023	0.34800000000000003
ampc_round2_gen3286	-11.86234	-9.637643541069998	-0.6738985288400001	-5.71559936391	0.34800000000000003
ampc_round2_gen20829	-12.36018	-9.482976869249999	-1.46514810169	-3.5730683455500003	0.17400000000000002
ampc_round2_gen1253	-12.00444	-9.36161815172	-0.98749078719	-5.865889757670001	0.34800000000000003
ampc_round2_gen817	-11.88596	-9.900619381339999	-0.8488500546600001	-4.61028589029	0.29000000000000004
ampc_round2_gen3740	-11.88539	-9.5634928795	-1.06957609411	-5.429863159920001	0.34800000000000003
ampc_round2_gen799084	-11.97265	-9.12151313491	-1.6396283001500003	-5.4107596436400005	0.34800000000000003
ampc_round2_gen749235	-12.7945	-10.97107985422	-1.6716224502300003	-1.6461744353100003	0.34800000000000003
ampc_round2_gen797109	-12.55994	-10.4246831912	-0.64920153628	-5.88981027375	0.34800000000000003
ampc_round2_gen3328	-11.79767	-7.823789711800001	-1.45441348079	-5.976234299430001	0.29000000000000004
ampc_round2_gen795671	-11.97576	-9.765307536029999	-1.0539689863500001	-4.65776858466	0.29000000000000004
ampc_round2_gen14846	-11.88387	-9.54638122552	-0.54561963374	-2.48528992608	0.29000000000000004
ampc_round2_gen796274	-12.20918	-10.37635847236	-0.9623435086700001	-4.4416086558300005	0.29000000000000004
ampc_round2_gen797565	-11.86903	-8.77583750149	-0.7908175227700001	-6.4637088048	0.34800000000000003
ampc_round2_gen62072	-12.67485	-10.74830095198	-1.2673859448200002	-0.65566416546	0.464
ampc_round2_gen720	-12.2721	-8.937705304249999	-1.17976745108	-6.455202688080001	0.34800000000000003
ampc_round2_gen109410	-12.54754	-12.63514030564	-2.31296782913	-0.16501748949	0.754
ampc_round2_gen2578	-11.98412	-9.57922487888	-0.7519056617500001	-5.156175329820001	0.29000000000000004
ampc_round2_gen160754	-12.27624	-10.94536484256	-0.6949644771400001	-1.35301887675	0.232
ampc_round2_gen59346	-11.82028	-9.88398055759	-1.35428517337	-4.74128478729	0.34800000000000003
ampc_round2_gen1792	-11.87111	-10.68761896769	-0.7139585489200001	-3.9381146889300003	0.29000000000000004
ampc_round2_gen795637	-12.25066	-9.289616184909999	-1.36293389015	-6.61176105597	0.406
ampc_round2_gen370086	-12.25158	-9.221606723529998	-1.8900192067000001	-1.85596065099	0.406
ampc_round2_gen137655	-12.52923	-10.388635486699998	-1.0347879968000002	-1.1040446053800002	0.232
ampc_round2_gen891	-11.99708	-9.354748023420001	-0.9741880634200001	-5.87114733672	0.34800000000000003
ampc_round2_gen2338	-12.45412	-9.424325997250001	-1.0490705484300002	-6.3555201641700005	0.34800000000000003
ampc_round2_gen11693	-12.02716	-9.30978199551	-1.9510680232800002	-2.87341087338	0.17400000000000002
ampc_round2_gen4139	-12.02204	-10.96749777522	-1.19015874647	-4.7904769291500005	0.406
ampc_round2_gen94	-12.52641	-10.153010103019998	-1.32030787134	-4.714092235980001	0.29000000000000004
ampc_round2_gen2909	-12.60608	-10.22949567534	-0.9192549297500001	-5.14261136331	0.29000000000000004
ampc_round2_gen204806	-12.75676	-8.115949998689999	-1.7389675550700001	-4.02233581836	0.406
ampc_round2_gen4159	-11.88177	-8.914059742429998	-1.90466437179	-4.541960860200001	0.29000000000000004
ampc_round2_gen10956	-11.96888	-10.51855654755	-1.58400851546	-4.065712314120001	0.34800000000000003
ampc_round2_gen870	-12.34329	-10.39752474627	-0.8105385749200001	-6.18352977375	0.406
ampc_round2_gen798499	-12.126	-10.192112474209997	-0.94193405205	-5.243674368870001	0.34800000000000003
ampc_round2_gen799094	-11.85933	-9.12354273559	-1.3914604175100003	-4.810567342950001	0.29000000000000004
ampc_round2_gen3081	-11.88601	-9.01422021187	-1.7776616376	-5.260428129150001	0.34800000000000003
ampc_round2_gen1753	-11.96924	-9.61763811011	-0.9775855481400001	-6.273090723690001	0.406
ampc_round2_gen699	-12.71176	-10.933662098189998	-1.01503082358	-5.963022796320001	0.406
ampc_round2_gen795754	-11.90161	-9.493617045299999	-1.5009184816900003	-4.384961913060001	0.29000000000000004
ampc_round2_gen2042	-11.93993	-10.587868516510001	-0.8494869077	-6.08799456918	0.522
ampc_round2_gen392	-12.03713	-7.49906554679	-1.5227980307900002	-7.9476854578200005	0.406
ampc_round2_gen210783	-11.94808	-9.40976179239	-1.6305036970400002	-3.0047916057300004	0.34800000000000003
ampc_round2_gen2296	-11.76528	-11.368352205550002	-0.47699906937000003	-4.733277993720001	0.406
ampc_round2_gen2237	-11.89501	-9.64936122851	-1.26219888903	-5.49324195363	0.406
ampc_round2_gen566568	-13.1323	-11.74021197146	-0.70482693201	-1.4550746542200002	0.5800000000000001
ampc_round2_gen799587	-12.37126	-10.36692336431	-0.9273769101500001	-6.13406740995	0.406
ampc_round2_gen19789	-12.32349	-11.04096336401	-0.7331409412300001	-0.54734628825	0.34800000000000003
ampc_round2_gen524	-12.6555	-9.432492900060002	-1.6342669514300001	-6.765734692260001	0.406
ampc_round2_gen211	-12.13111	-8.4339750629	-1.2234493974800003	-6.73689731175	0.34800000000000003
ampc_round2_gen1235	-12.05687	-9.53077511724	-1.03048012084	-5.01704040267	0.29000000000000004
ampc_round2_gen477508	-12.09695	-10.33403345645	-1.2681518517800001	-1.5539465123100002	0.29000000000000004
ampc_round2_gen56162	-12.40335	-8.606783200299999	-0.9778492670200001	-2.81725757937	0.232
ampc_round2_gen799668	-11.8701	-9.648808363259999	-0.81401180868	-5.56196056785	0.34800000000000003
ampc_round2_gen796127	-11.8498	-9.54714930927	-0.80743040945	-4.95678678444	0.29000000000000004
ampc_round2_gen796203	-11.97055	-9.40935728545	-0.95240495407	-5.805835868700001	0.34800000000000003
ampc_round2_gen4186	-12.02314	-9.669324848849998	-1.2047151869900001	-5.37056119287	0.34800000000000003
ampc_round2_gen836	-12.55255	-10.520701162790001	-0.64362346114	-6.5206727646300005	0.406
ampc_round2_gen2391	-12.1623	-9.248762809240002	-1.02261835242	-5.44862596158	0.29000000000000004
ampc_round2_gen2951	-11.84901	-9.07758028245	-0.8611561174500001	-7.1098917048	0.464
ampc_round2_gen2262	-12.31555	-10.20079921667	-1.6160244083200002	-4.10763783555	0.29000000000000004
ampc_round2_gen8446	-11.91373	-10.32188835062	-1.5737918636900001	-4.890764515230001	0.406
ampc_round2_gen910	-12.58818	-11.037116546130001	-1.1797635934900002	-5.528176950960001	0.406
ampc_round2_gen1186	-11.96225	-9.46251705537	-0.7483906958800001	-5.2503946710300005	0.29000000000000004
ampc_round2_gen93	-11.91629	-9.60523551858	-0.9110238847600001	-4.882804716780001	0.29000000000000004
ampc_round2_gen1885	-11.94014	-10.75212753277	-0.88873472974	-4.48947905994	0.34800000000000003
ampc_round2_gen402	-12.18713	-8.334652305979999	-0.9191248237600002	-7.214391228510001	0.34800000000000003
ampc_round2_gen795654	-11.91105	-10.15559050297	-0.9572532433200001	-4.28297075388	0.29000000000000004
ampc_round2_gen1394	-12.00809	-8.55171746986	-0.9549428976000001	-6.01304910156	0.29000000000000004
ampc_round2_gen798767	-12.36472	-10.665323862370002	-1.4667574181	-4.57394691375	0.34800000000000003
ampc_round2_gen8193	-11.93739	-9.90238849267	-1.9377379456900001	-4.2810733259100004	0.34800000000000003
ampc_round2_gen3428	-11.94417	-10.9442857874	-0.7843893750700001	-4.40363072448	0.34800000000000003
ampc_round2_gen2379	-11.91609	-10.973763648140002	-1.27967307035	-3.8484714975300003	0.34800000000000003
ampc_round2_gen784493	-12.26974	-9.91836913102	-0.7402659099600001	-6.630929190540001	0.406
ampc_round2_gen326	-12.00938	-10.207287670510002	-0.8635316915100001	-4.44551512518	0.29000000000000004
ampc_round2_gen2289	-11.92063	-9.279685589060001	-1.1661999563600003	-4.967202077910001	0.29000000000000004
ampc_round2_gen350448	-12.0566	-11.70591924556	-0.9125444766	-0.14658365367	0.232
ampc_round2_gen6021	-11.87832	-10.72344953425	-0.72710416357	-5.2843075245	0.406
ampc_round2_gen3519	-12.01945	-9.86837094323	-0.9523548054000001	-5.4218916126900005	0.34800000000000003
ampc_round2_gen122	-12.43589	-10.83229064451	-0.6493218229500001	-6.414164199540001	0.464
ampc_round2_gen10171	-12.26543	-10.99495398717	-0.8885681519900002	-5.40732899988	0.406
ampc_round2_gen1362	-12.02239	-9.347478049510002	-0.9387676720400001	-5.25525279156	0.29000000000000004
ampc_round2_gen2873	-11.98045	-7.195087316859999	-2.4584964639500004	-6.526541280240001	0.34800000000000003
ampc_round2_gen3221	-12.26029	-10.16225978052	-1.22964433633	-5.888635395750001	0.406
ampc_round2_gen635	-11.84917	-9.79739967974	-0.9055401452300001	-5.30587241019	0.34800000000000003
ampc_round2_gen1683	-12.26517	-9.929402188290002	-1.4887021955400002	-5.15097649467	0.34800000000000003
ampc_round2_gen5064	-11.94083	-8.30542668266	-0.71790486349	-5.70977784342	0.232
ampc_round2_gen791	-12.33173	-8.775377828380002	-1.9480896131100003	-5.21047231659	0.29000000000000004
ampc_round2_gen728608	-12.23082	-11.047944450980001	-1.5047090899000002	-0.7544890284300001	0.928
ampc_round2_gen795434	-12.38402	-8.5446081966	-1.77613087575	-7.139868716970001	0.406
ampc_round2_gen104754	-13.22071	-12.299846339330001	-0.76269218477	-0.53955097272	0.17400000000000002
ampc_round2_gen796397	-11.92303	-8.9722644438	-1.73525374797	-5.750375752710001	0.406
ampc_round2_gen5466	-12.02469	-8.51185459214	-1.75089276852	-3.87599301468	0.17400000000000002
ampc_round2_gen1508	-11.84106	-8.853937306269998	-1.2956862771300002	-5.84559374022	0.34800000000000003
ampc_round2_gen797570	-11.88748	-7.770120026459999	-2.0055101909500004	-6.27611016015	0.34800000000000003
ampc_round2_gen750	-11.99379	-9.514452069570002	-0.9872863349200001	-4.99627443402	0.29000000000000004
ampc_round2_gen795545	-11.90223	-7.29666332946	-1.4313040618600001	-8.054123530230001	0.406
ampc_round2_gen486889	-12.70749	-10.260741226649998	-0.52220967348	-1.9286209809000001	0.464
ampc_round2_gen4558	-11.95199	-9.82563980797	-1.0980423027900001	-5.21606473587	0.34800000000000003
ampc_round2_gen1473	-12.03343	-10.61628090445	-0.9738556093000001	-6.0655485249900005	0.464
ampc_round2_gen1166	-11.79983	-7.77572213614	-1.02766478152	-7.133747602590001	0.34800000000000003
ampc_round2_gen7209	-11.88432	-9.918364190059998	-0.7621310807700001	-5.37315179886	0.406
ampc_round2_gen3827	-12.4734	-9.64616869112	-1.6420603353000003	-6.2888282145000005	0.406
ampc_round2_gen796116	-11.85162	-8.80161846425	-1.30009024215	-5.56546757868	0.34800000000000003
ampc_round2_gen420857	-11.9144	-9.71968682765	-2.8887247094000004	-0.0	0.116
ampc_round2_gen187588	-11.97783	-11.190591949	-0.6987410577500001	-0.08919086337	0.232
ampc_round2_gen8225	-12.06011	-10.42004233901	-1.8179580227400003	-3.35909956419	0.29000000000000004
ampc_round2_gen798513	-12.1868	-8.11283897911	-1.3229177063200002	-6.3102932355600005	0.29000000000000004
ampc_round2_gen269	-11.98423	-10.08309514338	-0.6888726411500001	-6.11995712517	0.406
ampc_round2_gen25042	-11.76173	-10.0667042625	-1.87508998271	-3.9430021814100003	0.34800000000000003
ampc_round2_gen796753	-12.42137	-8.88558624245	-1.690606352	-6.9264110075400005	0.406
ampc_round2_gen797245	-11.75985	-9.59978828861	-0.93921234696	-5.342698961100001	0.34800000000000003
ampc_round2_gen1693	-11.93693	-10.01529638567	-0.5865826805700001	-6.221960033130001	0.406
ampc_round2_gen795731	-12.30336	-9.96175819638	-0.85475812909	-5.811733756260001	0.34800000000000003
ampc_round2_gen124238	-12.37844	-9.670918322920002	-1.9913507315100003	-1.4418396535500002	0.232
ampc_round2_gen1523	-12.6442	-10.16717421221	-1.0358919689200001	-5.1338056527	0.29000000000000004
ampc_round2_gen5418	-12.00497	-10.13122595571	-1.27009257024	-4.11317738532	0.29000000000000004
ampc_round2_gen1569	-11.76416	-9.05580824208	-1.1964118998600002	-4.95165844197	0.29000000000000004
ampc_round2_gen799182	-11.79662	-9.43398490409	-1.5292223209	-4.27804801506	0.29000000000000004
ampc_round2_gen795886	-12.6154	-10.398612707500002	-1.07645137156	-6.30466556994	0.406
ampc_round2_gen2078	-12.09084	-9.67501273656	-1.7352611124600001	-4.9170112897500005	0.34800000000000003
ampc_round2_gen797761	-11.86083	-9.202434109379999	-1.1195217146	-5.69277735876	0.34800000000000003
ampc_round2_gen676051	-11.89837	-10.386147927409999	-0.9652654577500002	-5.41998243594	0.406
ampc_round2_gen460	-12.05952	-8.703242277490002	-1.5149138182100002	-5.7143069981100005	0.34800000000000003
ampc_round2_gen1194	-11.98347	-9.312888301240001	-1.4751950195	-4.6933203929400005	0.29000000000000004
ampc_round2_gen797248	-13.06161	-10.630010574969997	-1.1886385053200001	-6.583957568100001	0.406
ampc_round2_gen2469	-12.02093	-9.64175128696	-1.6850545786100002	-4.918744234800001	0.34800000000000003
ampc_round2_gen2868	-12.09839	-10.710570399420002	-1.3295548652600002	-4.31419313673	0.34800000000000003
ampc_round2_gen799072	-12.13516	-8.79041773095	-1.8064473248700001	-7.219930778280001	0.464
ampc_round2_gen261513	-12.63699	-12.12148485935	-0.87509604495	-0.37762341237	0.638
ampc_round2_gen331	-11.95892	-9.16874582104	-0.9484088415200002	-6.0386379444000005	0.34800000000000003
ampc_round2_gen8850	-11.99844	-7.65375051136	-1.48294141091	-4.264219701000001	0.116
ampc_round2_gen254179	-11.80728	-10.1298913236	-2.00500204114	-1.7439654056400002	0.34800000000000003
ampc_round2_gen1236	-12.06379	-9.72683170629	-0.8876167300200001	-4.97758799943	0.29000000000000004
ampc_round2_gen210	-12.62203	-8.39457578464	-1.66823513552	-7.732042475310001	0.406
ampc_round2_gen808	-12.05319	-8.141937081670001	-1.13664204971	-6.99517074249	0.34800000000000003
ampc_round2_gen796560	-12.50007	-9.473009101819999	-1.7596638761100003	-6.38685416043	0.406
ampc_round2_gen2733	-12.09578	-10.56494648786	-1.20352073685	-4.56755557743	0.34800000000000003
ampc_round2_gen2602	-12.1821	-9.74904045071	-0.7822431522700001	-5.92189031754	0.34800000000000003
ampc_round2_gen63794	-12.05814	-10.69192625998	-0.89777481656	-0.46511070264000004	0.232
ampc_round2_gen798115	-11.94444	-10.4051281393	-0.8905288597800001	-5.188960300410001	0.406
ampc_round2_gen953	-12.1628	-9.686365015629999	-0.86935279482	-5.158307733390001	0.29000000000000004
ampc_round2_gen852	-11.81534	-10.002158822390001	-1.53997342423	-4.417658767800001	0.34800000000000003
ampc_round2_gen1486	-11.8847	-10.176715123309998	-0.7156558885200001	-5.15826073827	0.34800000000000003
ampc_round2_gen39338	-11.80119	-9.637443751949998	-0.9169638719800001	-6.0751766502	0.406
ampc_round2_gen170132	-11.95876	-11.18127908004	-1.0373483844900002	-1.13664159549	0.638
ampc_round2_gen1729	-12.2416	-9.07338470162	-0.18533826224000002	-7.280989187940001	0.34800000000000003
ampc_round2_gen796640	-12.78053	-8.8469870088	-1.1202539553200002	-7.67164199733	0.406
ampc_round2_gen1783	-11.7817	-9.37582491501	-1.21110510948	-4.644615825450001	0.29000000000000004
ampc_round2_gen7473	-12.11913	-9.15735607289	-2.02818650773	-5.534262819	0.406
ampc_round2_gen797509	-12.05479	-9.59866500116	-0.9449142156700001	-5.036032305540001	0.29000000000000004
ampc_round2_gen1745	-12.22368	-8.656390974849998	-0.7908988828500001	-6.346303246260001	0.29000000000000004
ampc_round2_gen798801	-12.97028	-9.97166903518	-1.2701539409900002	-6.276756343050001	0.34800000000000003
ampc_round2_gen361932	-11.84154	-11.068698068309999	-1.1183805693400002	-1.0389563641800001	0.522
ampc_round2_gen797085	-11.8921	-8.35256509835	-0.9264079536800002	-6.086760947280001	0.29000000000000004
ampc_round2_gen949	-11.94766	-8.54782759087	-1.5142208547700002	-5.379478516890001	0.29000000000000004
ampc_round2_gen1828	-11.91156	-9.64923137307	-1.5653076205200003	-4.8770125682400005	0.34800000000000003
ampc_round2_gen120	-12.24922	-7.862893216029999	-1.4614514784000001	-7.93194796701	0.406
ampc_round2_gen799581	-11.86148	-8.26086085103	-1.40178017214	-4.977317777490001	0.232
ampc_round2_gen16890	-11.89476	-11.25294746933	-2.1023265820100003	-2.7064489608	0.34800000000000003
ampc_round2_gen496	-12.11673	-9.67876092401	-0.9804861051300001	-4.998635938800001	0.29000000000000004
ampc_round2_gen783888	-12.49792	-10.53930556675	-0.8925912676700001	-5.44782117015	0.34800000000000003
ampc_round2_gen356	-12.08327	-9.22551731218	-0.8996061197400002	-5.492155191480001	0.29000000000000004
ampc_round2_gen497	-12.79731	-10.20007596416	-1.07383592554	-6.016415127030001	0.34800000000000003
ampc_round2_gen1330	-11.81629	-9.322530923119999	-1.2527523525	-5.390692727400001	0.34800000000000003
ampc_round2_gen3103	-12.13591	-11.874688330380001	-0.67556325427	-3.84114025881	0.34800000000000003
ampc_round2_gen3764	-12.30329	-9.053823197500002	-0.78037713078	-7.501590155610001	0.406
ampc_round2_gen12	-12.1974	-9.61570045661	-0.8312208683600001	-5.68530513468	0.34800000000000003
ampc_round2_gen598616	-11.92417	-11.677725434820001	-0.8229793026700001	-0.11913262920000002	0.29000000000000004
ampc_round2_gen654726	-12.1588	-11.37163006002	-2.2424100532	-0.32250401100000003	0.17400000000000002
ampc_round2_gen234	-13.16711	-10.526087319349998	-1.4045092417200002	-5.850434237580001	0.34800000000000003
ampc_round2_gen795436	-12.11229	-9.002046044019998	-1.3468635209000002	-6.01874138547	0.34800000000000003
ampc_round2_gen897	-12.15917	-9.208289132560001	-0.8852786797900001	-6.327005875110001	0.34800000000000003
ampc_round2_gen59	-12.08899	-8.73774410086	-0.78628836142	-6.81315864273	0.34800000000000003
ampc_round2_gen4499	-11.76759	-10.68214300151	-0.5484128795900001	-6.731451752220001	0.522
ampc_round2_gen136633	-13.55399	-11.56698080683	-1.6049468126000002	-1.96252795998	0.6960000000000001
ampc_round2_gen4425	-12.27703	-10.96380042942	-1.1439051903	-5.1978365037000005	0.406
ampc_round2_gen238	-12.38864	-9.31359613718	-1.7450109958400002	-4.954413530880001	0.29000000000000004
ampc_round2_gen2751	-11.99613	-10.01157863597	-0.7952021998400001	-6.10242207102	0.406
ampc_round2_gen98	-12.34545	-8.67224435349	-0.9031733384200001	-7.100146091790001	0.34800000000000003
ampc_round2_gen4349	-11.80148	-9.578412829959998	-1.4819573747700001	-5.5716239394	0.406
ampc_round2_gen6135	-11.8946	-9.45985331344	-1.7198528459300002	-4.191618114990001	0.29000000000000004
ampc_round2_gen797618	-12.35103	-10.60519252253	-1.1329875092200001	-6.02734736682	0.464
ampc_round2_gen634813	-13.25364	-11.416017601510001	-1.5498492053200001	-1.06690083741	0.406
ampc_round2_gen1265	-11.76817	-9.8461507944	-0.7599718824400001	-4.60121583213	0.29000000000000004
ampc_round2_gen11494	-12.21886	-9.90874586656	-1.59517693989	-3.5777149880400003	0.232
ampc_round2_gen1398	-12.17949	-9.341361912379998	-1.2815724073900001	-5.824933510590001	0.34800000000000003
ampc_round2_gen60	-12.45609	-9.86928095363	-0.7842694390900001	-6.17495903874	0.34800000000000003
ampc_round2_gen2748	-11.91819	-9.097044410350001	-1.96153717185	-5.7441665224800005	0.406
ampc_round2_gen797680	-11.90162	-8.77557343457	-1.4225788946600002	-5.18597611029	0.29000000000000004
ampc_round2_gen1012	-12.38539	-9.413770423309998	-1.25004186949	-5.341118750190001	0.29000000000000004
ampc_round2_gen3338	-12.3253	-10.134602049520002	-0.771097172	-6.467251061970001	0.406
ampc_round2_gen466199	-12.21536	-10.36355029297	-1.0094748419100001	-0.8437738820400001	0.058
ampc_round2_gen2317	-12.25175	-10.215235006010001	-1.30664569032	-4.31392291479	0.29000000000000004
ampc_round2_gen2545	-11.94647	-9.151379974200001	-1.2937802769800002	-4.29619400577	0.232
ampc_round2_gen412	-12.44786	-9.268934243370001	-1.7168597067800002	-6.562739271420001	0.406
ampc_round2_gen799570	-12.03654	-9.77271297613	-0.94870377181	-5.528729143620001	0.34800000000000003
ampc_round2_gen7730	-11.94875	-9.577580232839999	-1.3708549251800002	-5.196397278150001	0.34800000000000003
ampc_round2_gen797317	-12.01027	-9.409028274079999	-1.33372772557	-4.77889850646	0.29000000000000004
ampc_round2_gen5416	-12.22247	-10.57317357874	-1.47775014684	-4.46280345495	0.34800000000000003
ampc_round2_gen797792	-11.94429	-9.883949912179999	-1.6372881457800001	-4.61640700467	0.34800000000000003
ampc_round2_gen795863	-11.85332	-9.430172083830001	-1.31535437509	-5.96263508658	0.406
ampc_round2_gen818	-12.09244	-9.603905387329998	-1.4019004588100001	-5.33076220062	0.34800000000000003
ampc_round2_gen6472	-11.85079	-10.635582691340002	-0.95293624942	-4.419421084800001	0.34800000000000003
ampc_round2_gen5561	-12.20019	-9.69641105248	-1.26557989132	-5.521186426860001	0.34800000000000003
ampc_round2_gen798113	-12.27808	-8.99332085622	-1.3555806222300002	-5.5188072989100005	0.29000000000000004
ampc_round2_gen795954	-12.35448	-10.441670179709998	-0.79001479336	-6.18266036403	0.406
ampc_round2_gen722483	-11.8492	-10.269051628769997	-1.20642935971	-1.7545216844700002	0.232
ampc_round2_gen1183	-12.03254	-8.99000251076	-1.4667013077000002	-5.09677937253	0.29000000000000004
ampc_round2_gen824	-11.92642	-8.87600842299	-1.5098737015300001	-5.379314033970001	0.34800000000000003
ampc_round2_gen2681	-11.88982	-10.135547133500001	-1.1769868300700002	-4.755271709880001	0.34800000000000003
ampc_round2_gen417528	-12.92157	-10.947225690769999	-0.91679659285	-4.45909084047	0.406
ampc_round2_gen57712	-11.95722	-10.27662645423	-1.5769109005500002	-3.5955907568100005	0.29000000000000004
ampc_round2_gen286959	-11.86161	-7.7925958930300006	-1.29237471146	-4.852122777810001	0.29000000000000004
ampc_round2_gen99267	-11.97964	-10.73333679085	-1.81384863732	-0.83426324463	0.406
ampc_round2_gen444	-11.84984	-8.72958653899	-1.6153503821400002	-4.960170433080001	0.29000000000000004
ampc_round2_gen114	-12.96474	-9.93306233341	-0.5776478007500001	-7.7567619084300015	0.406
ampc_round2_gen590	-12.28673	-9.605988074570002	-0.8217673180300001	-6.1708587145200005	0.34800000000000003
ampc_round2_gen4825	-13.16367	-10.671980850450002	-1.171865704	-4.40331350742	0.232
ampc_round2_gen796901	-12.10828	-9.06067773977	-0.79479890634	-6.505886925	0.34800000000000003
ampc_round2_gen5161	-12.46194	-10.67540780386	-1.13238818001	-6.111680109660001	0.464
ampc_round2_gen2548	-12.16247	-10.681398005230001	-1.53534501761	-4.91977812744	0.406
ampc_round2_gen396007	-12.23054	-11.593430172880002	-1.79774039355	-0.27107960094	0.232
ampc_round2_gen1210	-11.90292	-9.95762318326	-0.6683404430300001	-4.755271709880001	0.29000000000000004
ampc_round2_gen255936	-12.01181	-10.417081074639999	-1.15766310969	-0.44147215728	0.754
ampc_round2_gen1087	-12.64973	-10.64622850696	-0.89384638718	-4.801908492090001	0.29000000000000004
ampc_round2_gen573	-12.74873	-9.68654973214	-1.2984086836000002	-5.49057498057	0.29000000000000004
ampc_round2_gen792123	-12.60745	-11.32573325701	-0.7323813466900001	-6.439059864360001	0.464
ampc_round2_gen2360	-11.93594	-9.37564379408	-1.5796760912000003	-5.51795551236	0.406
ampc_round2_gen400	-12.33056	-10.166278772550001	-1.2049838155300001	-5.285922981750001	0.34800000000000003
ampc_round2_gen6283	-12.30655	-9.463422010170001	-1.22028266678	-4.85682228981	0.29000000000000004
ampc_round2_gen1046	-12.1409	-10.569952076309999	-1.1672506236	-4.66134608817	0.34800000000000003
ampc_round2_gen3861	-11.81621	-10.48973080548	-1.11526398731	-5.04768122091	0.406
ampc_round2_gen795463	-12.62912	-10.25928998976	-1.0001096654600001	-6.54794168301	0.406
ampc_round2_gen795764	-12.45484	-9.803132065569999	-0.8780095774700001	-6.874293419460001	0.406
ampc_round2_gen799451	-11.97523	-9.8759724926	-0.9607170084500001	-5.68252067382	0.406
ampc_round2_gen788136	-11.97597	-11.69601624836	-0.84188780609	-4.3404810319800005	0.406
ampc_round2_gen798757	-13.06117	-10.276993312990001	-1.2042684079300001	-6.16475522331	0.34800000000000003
ampc_round2_gen797484	-12.65946	-9.309416976330002	-1.6254695420900003	-6.900698802510001	0.406
ampc_round2_gen796863	-11.8511	-9.450045238079998	-1.8159910025300001	-5.43815192421	0.406
ampc_round2_gen3042	-12.09114	-10.17423280826	-0.74468144775	-5.064775695810001	0.34800000000000003
ampc_round2_gen14112	-11.88536	-9.07459797427	-1.09533497599	-4.4975504718	0.232
ampc_round2_gen214921	-12.33928	-10.76337902483	-1.3805059139800002	-0.9194125276800001	0.464
ampc_round2_gen154563	-12.24781	-10.750258686190001	-1.09687205026	-1.11729135483	0.522
ampc_round2_gen4631	-11.7808	-9.586513748869999	-1.5811542495500002	-4.050738494010001	0.29000000000000004
ampc_round2_gen21351	-12.06647	-9.40314157336	-2.0346742727300002	-4.5124361760600005	0.34800000000000003
ampc_round2_gen229	-11.78739	-7.657310315749998	-1.14451013055	-7.11801011178	0.34800000000000003
ampc_round2_gen208	-11.95207	-8.67580899248	-0.8069913455700001	-6.66767349999	0.34800000000000003
ampc_round2_gen1477	-11.97795	-10.145236789630001	-0.6690025457500001	-4.66412467464	0.29000000000000004
ampc_round2_gen8833	-12.00491	-11.524592026550001	-1.59613151807	-4.500957618	0.464
ampc_round2_gen792093	-13.43848	-12.937778271749998	-1.25478039277	-0.81359714061	0.464
ampc_round2_gen743638	-12.40109	-11.975344001099998	-1.43914549026	-0.43409979783	0.522
ampc_round2_gen1131	-11.85587	-10.08283905561	-1.3213027788700002	-3.9181828836600006	0.29000000000000004
ampc_round2_gen799992	-12.03898	-9.518368298619999	-0.6908722755300001	-5.346764038980001	0.29000000000000004
ampc_round2_gen2577	-11.89839	-8.98573342272	-1.7988464698100002	-4.9454198397899995	0.34800000000000003
ampc_round2_gen1232	-11.99677	-9.353511469239997	-1.3854338098600003	-6.5222705987100005	0.464
ampc_round2_gen799956	-12.08158	-8.914145511079997	-1.14312280091	-6.26334511068	0.34800000000000003
ampc_round2_gen1723	-11.86569	-10.28000699871	-0.8428753491300002	-4.20801353748	0.29000000000000004
ampc_round2_gen9290	-12.24605	-9.76126781439	-1.11077164841	-6.38242487037	0.406
ampc_round2_gen799082	-12.07338	-9.166709108070002	-0.9180797675600001	-5.5220440878	0.29000000000000004
ampc_round2_gen206119	-12.77323	-10.582064283609999	-1.67819367945	-1.25434674792	0.5800000000000001
ampc_round2_gen3423	-12.85179	-9.55858357447	-0.8961002718100001	-7.650641053080001	0.406
ampc_round2_gen391484	-12.18115	-9.53676908468	-1.8570459301400002	-1.50387908634	0.34800000000000003
ampc_round2_gen1092	-12.16363	-9.86200641726	-0.94049972995	-4.92011296767	0.29000000000000004
ampc_round2_gen474	-11.97701	-9.4300387333	-1.42258976605	-4.62439617507	0.29000000000000004
ampc_round2_gen950	-11.91788	-9.307055837659998	-1.29983564121	-4.787868699990001	0.29000000000000004
ampc_round2_gen3654	-11.76084	-9.96049620118	-0.98016206757	-4.94846277381	0.34800000000000003
ampc_round2_gen560756	-12.89694	-12.493883987179998	-2.01607016823	-0.65010111813	0.522
ampc_round2_gen634	-12.29235	-9.32077836833	-0.67754325001	-6.24954616857	0.34800000000000003
ampc_round2_gen202	-12.09303	-8.76185080685	-1.0646050633600002	-6.5036135360700005	0.34800000000000003
ampc_round2_gen222797	-11.76089	-7.924264545300001	-2.90409369865	-1.6189290144900002	0.17400000000000002
ampc_round2_gen797736	-11.75503	-8.47185673226	-0.8320863712800001	-5.888547279900001	0.29000000000000004
ampc_round2_gen5837	-11.77204	-10.60196529879	-0.7424142369000001	-5.247915678450001	0.406
ampc_round2_gen653403	-12.7085	-9.592278949479999	-3.32064748893	-0.52836025977	0.406
ampc_round2_gen1947	-11.88173	-9.283894085079998	-0.47998273989	-6.979386256560001	0.406
ampc_round2_gen6374	-12.01235	-8.909316942870001	-1.2421499417300002	-6.069402124830001	0.34800000000000003
ampc_round2_gen2519	-12.4495	-10.742574537719996	-0.7091569014400001	-6.0947794896300005	0.406
ampc_round2_gen129947	-13.09725	-11.23766703521	-1.34607131219	-2.0507730465600003	0.406
ampc_round2_gen1485	-11.96529	-9.410137162509997	-0.9792155552600001	-5.76862748244	0.34800000000000003
ampc_round2_gen2270	-12.33648	-9.68078935586	-1.1252242846900002	-5.851808844840001	0.34800000000000003
ampc_round2_gen796349	-12.10634	-9.92886439595	-0.82688037823	-5.5902633788700005	0.34800000000000003
ampc_round2_gen2746	-11.79998	-8.72062217814	-1.0992616519200002	-6.11609177655	0.34800000000000003
ampc_round2_gen508495	-12.27357	-10.51796167252	-1.0796735112800002	-0.67393351836	0.406
ampc_round2_gen461	-12.03183	-9.840921367650001	-0.7654363340200001	-6.35081477778	0.406
ampc_round2_gen3323	-11.8543	-10.80697303374	-1.02319278264	-4.870127783160001	0.406
ampc_round2_gen797996	-12.42613	-9.030249945560001	-0.7807134424900001	-8.07036034419	0.464
ampc_round2_gen578253	-12.3651	-9.712535971929999	-0.74106302833	-2.6341293455100003	0.34800000000000003
ampc_round2_gen1156	-11.90278	-8.41637814656	-0.89864417707	-6.7583270864700005	0.34800000000000003
ampc_round2_gen56	-12.11773	-10.087690940549999	-1.4856175263	-4.08747105468	0.29000000000000004
ampc_round2_gen798140	-12.36792	-9.347302474340001	-1.1544504386000003	-6.19662378906	0.34800000000000003
ampc_round2_gen576124	-12.22897	-9.68440062853	-1.48730574796	-1.7724679459200001	0.17400000000000002
ampc_round2_gen795507	-12.00428	-10.32867591832	-0.69190330413	-5.89987897821	0.406
ampc_round2_gen830	-11.98371	-8.942219712970001	-0.9249252363600001	-7.377194072970001	0.464
ampc_round2_gen718	-12.04345	-10.42529279507	-0.9896040451300001	-4.1457567522600005	0.29000000000000004
ampc_round2_gen2038	-11.94737	-8.067255291630001	-1.43426458684	-5.932076509800001	0.29000000000000004
ampc_round2_gen3852	-12.12552	-10.1795267523	-1.72302694112	-3.7726096250700003	0.29000000000000004
ampc_round2_gen1391	-11.84016	-9.482172391190002	-0.59970234416	-5.92778233071	0.34800000000000003
ampc_round2_gen694	-11.96919	-10.142682123379998	-0.6801141584	-4.63850645985	0.29000000000000004
ampc_round2_gen279646	-11.99376	-9.28574639435	-1.2556423887900001	-1.45820570409	0.406
ampc_round2_gen2096	-11.79922	-9.98779644235	-0.5396607092600001	-5.411282464350001	0.34800000000000003
ampc_round2_gen431950	-12.1139	-10.811962919419997	-1.2908130888900002	-5.68061737146	0.464
ampc_round2_gen796824	-11.75928	-9.8349983507	-0.9421788336700001	-4.42069582743	0.29000000000000004
ampc_round2_gen160	-12.0675	-9.629733293160001	-1.15116762951	-5.87023093188	0.406
ampc_round2_gen3568	-12.11353	-10.885197148299998	-1.00013491514	-5.185118449350001	0.406
ampc_round2_gen1413	-11.94437	-8.61797371271	-1.0753312677	-5.74154067015	0.29000000000000004
ampc_round2_gen2011	-11.9265	-9.882132561919999	-1.05716166811	-6.2124082749900005	0.464
ampc_round2_gen46392	-12.64954	-9.9719450568	-1.80670648478	-5.30917969176	0.34800000000000003
ampc_round2_gen772402	-13.79148	-11.587490496040001	-2.6454222998200003	-0.35707479615000004	0.638
ampc_round2_gen2709	-11.98114	-10.143208230639999	-0.6249218648200001	-4.7186566370100005	0.29000000000000004
ampc_round2_gen798773	-12.14634	-10.28273104225	-0.8586023928700001	-5.98728402702	0.406
ampc_round2_gen2819	-11.92967	-10.521071439820002	-0.8237886951900001	-5.467758849810001	0.406
ampc_round2_gen1669	-11.78684	-9.84111453381	-1.2763001339300002	-4.79683889352	0.34800000000000003
ampc_round2_gen542916	-14.95614	-12.914424842359999	-2.2298907708900004	-0.6882024116700001	0.29000000000000004
ampc_round2_gen459	-12.40403	-9.91087057591	-0.8724911196300001	-5.2495487588700005	0.29000000000000004
ampc_round2_gen2088	-12.06542	-9.895536382460001	-0.8973315444000001	-4.802037728670001	0.29000000000000004
ampc_round2_gen791190	-11.82904	-11.03090573362	-1.63660850856	-2.9643111842400005	0.34800000000000003
ampc_round2_gen1041	-12.14257	-9.120460306719998	-1.3998422592000002	-5.17463853759	0.29000000000000004
ampc_round2_gen795612	-12.10256	-9.77972813993	-0.9544529836700001	-6.31704878406	0.406
ampc_round2_gen797305	-11.87496	-9.195802908129998	-1.7399575529400002	-4.4065679194800005	0.29000000000000004
ampc_round2_gen4435	-11.88814	-9.990402107819998	-1.0366676952	-4.3422492233700005	0.29000000000000004
ampc_round2_gen779445	-12.58087	-12.34463956292	-0.9928945694000001	-0.7146665386200001	0.464
ampc_round2_gen373638	-13.15202	-11.92542515872	-0.88557185663	-1.1089438466400001	0.6960000000000001
ampc_round2_gen1766	-11.76872	-9.51388237186	-1.47516030119	-4.902677778150001	0.34800000000000003
ampc_round2_gen15979	-12.06673	-9.61639221595	-1.5795589607400002	-5.80729859181	0.406
ampc_round2_gen2452	-12.19117	-10.16752891014	-0.9974363555900001	-6.009882805350001	0.406
ampc_round2_gen9639	-11.8591	-10.42857683933	-0.90352332704	-4.6847790298800005	0.34800000000000003
ampc_round2_gen796423	-12.05652	-9.15907638033	-1.7612539045700002	-5.7160164456	0.406
ampc_round2_gen917	-12.6525	-9.596640159759998	-0.72780063391	-6.7637961435600005	0.34800000000000003
ampc_round2_gen797107	-12.81768	-8.879812464219999	-1.0682525900500002	-7.369058042820001	0.34800000000000003
ampc_round2_gen1122	-12.25477	-10.521990967329998	-0.6410844655400001	-6.10557074406	0.406
ampc_round2_gen36382	-13.44139	-10.38146343249	-2.55147420227	-2.08120826115	0.522
ampc_round2_gen685	-12.38988	-10.096953037399999	-1.33083523445	-4.5748926905400005	0.29000000000000004
ampc_round2_gen2623	-12.21256	-9.88488602753	-1.6503106682400002	-4.25098470033	0.29000000000000004
ampc_round2_gen174132	-12.29556	-10.03071534299	-1.8509730314100001	-0.41047300125	0.116
ampc_round2_gen582	-12.38446	-9.83218757836	-0.6965194366	-5.480794121220001	0.29000000000000004
ampc_round2_gen22341	-12.08563	-10.20477094271	-1.6579392278100002	-3.04491956382	0.232
ampc_round2_gen706420	-12.33304	-11.687447091480001	-1.64167317354	-0.44958468987	0.6960000000000001
ampc_round2_gen82	-11.7906	-9.72112218472	-1.5808814127300002	-4.625882395740001	0.34800000000000003
ampc_round2_gen161	-12.65543	-10.03854560898	-1.4925278727500002	-5.56961489802	0.34800000000000003
ampc_round2_gen4985	-11.8046	-9.91364502073	-1.72827852387	-3.6180720473400005	0.29000000000000004
ampc_round2_gen798134	-12.39339	-8.493119068350001	-1.2771438940700002	-6.96870074115	0.34800000000000003
ampc_round2_gen19270	-11.98785	-10.116389721029998	-0.81215034616	-5.963392882890001	0.406
ampc_round2_gen11323	-11.89648	-9.481566656469997	-0.5929112323100001	-6.68318776398	0.406
ampc_round2_gen33354	-12.02078	-9.25383990362	-1.00084015273	-1.7604195720300002	0.464
ampc_round2_gen796079	-11.859	-8.97544083165	-1.1070248764500001	-5.932041263460001	0.34800000000000003
ampc_round2_gen798443	-11.9291	-8.282969965539998	-1.38854372878	-5.746081573620001	0.29000000000000004
ampc_round2_gen795460	-12.01065	-8.580942030080001	-1.2763874557400001	-7.069246800390001	0.406
ampc_round2_gen85602	-12.88046	-11.112851704429998	-1.6221323760500002	-0.8967843774	0.5800000000000001
ampc_round2_gen796280	-12.07301	-9.34131516395	-0.8186184725200001	-5.09086973619	0.34800000000000003
ampc_round2_gen800101	-12.07263	-9.17160993456	-1.7090884163800002	-5.7729862798200005	0.406
ampc_round2_gen770	-12.00079	-9.648773428490001	-0.9359046388800001	-6.321736547280001	0.406
ampc_round2_gen1249	-11.909	-9.61208536403	-0.8118989014300001	-4.966767373050001	0.29000000000000004
ampc_round2_gen22008	-11.81935	-10.280398689010001	-1.9347528724100003	-3.0569679377100005	0.29000000000000004
ampc_round2_gen553	-12.05924	-9.61847923382	-0.58434983734	-6.78593671947	0.406
ampc_round2_gen36835	-11.98927	-9.79585835962	-1.8925147167400003	-2.3972621919300003	0.17400000000000002
ampc_round2_gen791753	-11.92419	-10.879884418089997	-0.9041977039100001	-5.713931037150001	0.464
ampc_round2_gen2911	-12.00818	-8.23766507749	-1.3513386759900001	-7.340050305	0.406
ampc_round2_gen765	-11.84868	-9.89786288303	-1.07529865353	-4.684056479910001	0.34800000000000003
ampc_round2_gen741	-12.31472	-9.55386451655	-1.1340167843700002	-5.95314794673	0.34800000000000003
ampc_round2_gen5309	-11.94628	-10.260675425539999	-0.7242674321600001	-5.15315589336	0.34800000000000003
ampc_round2_gen1428	-12.01911	-10.071591259439998	-0.7301460486300001	-6.132158233200001	0.406
ampc_round2_gen796546	-11.86713	-8.01803146046	-0.91080470351	-7.4491377273	0.406
ampc_round2_gen129846	-12.25708	-10.94884500848	-0.6447544363900001	-3.5304613948800005	0.87
ampc_round2_gen1512	-11.90933	-9.26156482861	-0.76214195216	-5.363846765100001	0.29000000000000004
ampc_round2_gen799649	-11.88337	-9.09941490669	-1.6393046132800002	-6.00901339563	0.406
ampc_round2_gen542	-11.83998	-9.3910814305	-0.9280127111200001	-5.668457384160001	0.34800000000000003
ampc_round2_gen359	-11.81129	-9.02258536879	-1.7458316104400002	-5.18552378226	0.34800000000000003
ampc_round2_gen44356	-11.87233	-10.76008912532	-2.13369895872	-1.7504624809800002	0.232
ampc_round2_gen12325	-12.15222	-9.134195652239999	-2.4135593980400003	-4.16502475146	0.29000000000000004
ampc_round2_gen795896	-12.37252	-10.2848466881	-0.7922841083500001	-6.357517456770001	0.406
ampc_round2_gen379736	-11.86658	-10.35652013823	-0.9415195364700001	-5.42390065407	0.406
ampc_round2_gen796775	-12.63605	-10.27004904251	-1.6285598223700002	-5.901059730600001	0.406
ampc_round2_gen797970	-11.9841	-8.11443771353	-0.8459151300500001	-8.28533952063	0.464
ampc_round2_gen4402	-12.68923	-10.70702172347	-1.85866997553	-4.57676074656	0.34800000000000003
ampc_round2_gen757265	-12.6471	-10.56005306494	-1.3312900793800002	-1.4922007990200001	0.464
ampc_round2_gen1837	-11.79229	-9.32698523429	-1.50723581135	-5.43920931441	0.406
ampc_round2_gen723	-12.14271	-9.649218801059998	-0.48475492941000003	-6.975080328690001	0.406
ampc_round2_gen2712	-12.42999	-9.802673051370002	-1.31932804348	-5.67373846077	0.34800000000000003
ampc_round2_gen1593	-12.11148	-8.02620199	-0.96736328533	-7.72180928793	0.406
ampc_round2_gen194	-11.86045	-9.829178726710001	-1.5494936056600002	-4.30136934336	0.34800000000000003
ampc_round2_gen759	-12.00346	-8.229322615440001	-1.23801741077	-6.74218426275	0.34800000000000003
ampc_round2_gen216043	-11.90093	-9.67511818972	-0.7859243452	-2.12930776647	0.464
ampc_round2_gen200	-12.53329	-10.2654336786	-0.5554158082	-6.843987441450001	0.406
ampc_round2_gen679	-11.94296	-9.734932948440001	-0.96033019738	-4.739258122740001	0.29000000000000004
ampc_round2_gen1025	-12.11951	-9.8775650328	-0.6639252559300001	-5.83161269202	0.34800000000000003
ampc_round2_gen782489	-12.06549	-9.646791951469998	-1.7668077821000001	-6.998102063100001	0.522
ampc_round2_gen421625	-12.7057	-10.46979428795	-1.5047848389400003	-2.59108768998	0.232
ampc_round2_gen448	-12.32909	-9.41984331862	-1.2725067202000002	-5.23645474356	0.29000000000000004
ampc_round2_gen227	-12.14979	-9.086583989129998	-1.35142178952	-5.26782986055	0.29000000000000004
ampc_round2_gen555	-12.15506	-9.18064958033	-1.30700444619	-5.2117000641	0.29000000000000004
ampc_round2_gen3217	-12.81316	-10.112125380639998	-1.6488633706100002	-5.54864920011	0.34800000000000003
ampc_round2_gen795739	-12.13199	-8.483350983	-1.07376122857	-6.830952170040001	0.34800000000000003
ampc_round2_gen612	-12.40116	-9.45442046883	-1.43859666041	-6.58940312763	0.406
ampc_round2_gen2381	-12.09477	-10.342191040189999	-1.05311049723	-5.644701351	0.406
ampc_round2_gen2488	-11.80636	-10.135120956509999	-0.9463029480700001	-4.860200064060001	0.34800000000000003
ampc_round2_gen798831	-12.59988	-10.328431586090002	-1.07671403837	-5.610653386560001	0.34800000000000003
ampc_round2_gen361383	-12.37869	-9.93649851247	-1.11862359751	-1.32650188029	0.116
ampc_round2_gen795696	-11.90675	-9.63240564594	-1.3351662559500002	-4.42131263838	0.29000000000000004
ampc_round2_gen1666	-12.31382	-9.741364899	-0.9077579087900002	-6.705992145960001	0.406
ampc_round2_gen1448	-12.11102	-9.250434984510001	-1.33693864321	-5.06889951759	0.29000000000000004
ampc_round2_gen198	-12.38838	-9.604565423450001	-1.6674923741000003	-6.18723651384	0.406
ampc_round2_gen624031	-12.19804	-10.925256381519999	-1.2319252240900003	-1.46738737566	0.464
ampc_round2_gen797678	-11.88136	-8.70378930192	-1.3039492349100001	-5.349595494960001	0.29000000000000004
ampc_round2_gen798940	-12.23508	-8.955305051729999	-1.4811830512500002	-5.377980547440001	0.29000000000000004
ampc_round2_gen796746	-11.97023	-8.732994979370002	-1.36891069982	-6.762045575340001	0.406
ampc_round2_gen914	-11.89682	-10.058510473800002	-0.9544841950800002	-4.3542036070200005	0.29000000000000004
ampc_round2_gen388990	-12.61145	-11.01208643638	-1.30779104386	-0.29595764259	0.29000000000000004
ampc_round2_gen799195	-12.26855	-10.51941373838	-1.2075326304500003	-6.28313593059	0.464
ampc_round2_gen798034	-12.31253	-9.338373820560001	-1.44906615967	-5.8414699184400005	0.34800000000000003
ampc_round2_gen799102	-12.11808	-8.66700062335	-1.87636088327	-7.237031127570001	0.464
ampc_round2_gen709063	-11.93834	-10.238014189360001	-0.9019105037300001	-1.49534359767	0.406
ampc_round2_gen3440	-11.86667	-9.781791361619998	-2.4858958736500005	-3.7618653657600003	0.34800000000000003
ampc_round2_gen16070	-13.07777	-11.12557684985	-1.47308211225	-0.47993178861	0.522
ampc_round2_gen1563	-12.43483	-9.32332886011	-1.7239036661200002	-4.29261062787	0.232
ampc_round2_gen1319	-12.28183	-9.34432214804	-0.87065701093	-6.38203716063	0.34800000000000003
ampc_round2_gen795735	-11.93019	-9.019115402979999	-1.2547838996700003	-5.841422923320001	0.34800000000000003
ampc_round2_gen45504	-12.04288	-9.906550519999998	-0.5783120076100001	-2.2610820829500002	0.406
ampc_round2_gen1035	-12.07881	-9.019213450240002	-1.39959291861	-5.91038238753	0.34800000000000003
ampc_round2_gen8398	-12.15023	-10.817946079430001	-1.22801678404	-5.79541470084	0.464
ampc_round2_gen318817	-12.10459	-9.94249345621	-2.17675562485	-2.81721058425	0.464
ampc_round2_gen798763	-12.10261	-10.272829762930002	-0.8707818565700001	-5.905718121870001	0.406
ampc_round2_gen24893	-11.91464	-9.825428462240001	-2.6954997797500004	-0.78460702596	0.116
ampc_round2_gen4211	-12.28749	-10.364359253780002	-0.8397429860500001	-4.67280702306	0.29000000000000004
ampc_round2_gen35	-12.75652	-10.191951020610002	-1.37521540464	-6.4070620620300005	0.406
ampc_round2_gen1759	-12.1593	-10.0595825169	-1.1024813368100002	-5.97442498731	0.406
