molecule_id	affinity	steric_sum	hydrophobic_value	hydrogen_value	wnrot
5467606	-9.79694	-8.435407532180001	-1.7328725628700001	-0.77461468857	0.116
7921750	-9.89312	-9.130843311390002	-1.35471056034	-1.7222654089800002	0.232
7257929	-9.80432	-9.554394746780002	-1.5005776110100002	-2.18588989095	0.34800000000000003
5802936	-10.17812	-7.777899571480001	-1.7069253604600003	-1.8874356326100001	0.116
7922279	-9.91575	-8.93160490564	-1.6481763689000002	-1.65733577631	0.232
5244172	-11.1651	-8.56602376601	-2.2078274602300003	-0.3926794739400001	0.116
5586857	-10.65554	-9.107388815719998	-1.5470398277300001	-0.0	0.0
7964666	-9.89072	-8.77604167597	-1.71077874218	-2.8803309048	0.34800000000000003
5826583	-12.86297	-10.39979923546	-2.18290041503	-0.28130103954	0.34800000000000003
7200407	-10.03618	-9.1541875322	-1.6924436169100001	-2.1194740376100003	0.29000000000000004
5528097	-10.24943	-8.15867992085	-1.52430108813	-0.57000968487	0.17400000000000002
5628795	-10.04874	-8.34070742633	-2.6603318851700006	-0.22636961865000002	0.116
5836516	-10.75179	-10.17292311854	-1.5796866119000001	-0.88457739498	0.17400000000000002
45385815	-11.33955	-9.7880928067	-1.5564902218500003	-0.6569506568700001	0.116
5935540	-9.83854	-9.6429566586	-2.36059889562	-1.29394601091	0.34800000000000003
5477079	-9.91799	-9.57763808837	-1.8508941261600003	-0.22765611006000003	0.17400000000000002
5740868	-10.52207	-8.58628090127	-1.85804118836	-0.69420603825	0.34800000000000003
5327527	-10.03669	-7.833065132340002	-2.0878704388300005	-0.11578422690000001	0.406
5225419	-10.47896	-8.654864565339999	-2.2966831882900003	-0.13844762352	0.058
78958621	-10.15067	-8.469036921639999	-1.1837372618800002	-2.2796745273	0.17400000000000002
5728361	-9.84202	-8.27604791151	-1.9059100226700003	-0.23553366705	0.058
6432429	-10.31357	-9.82428751312	-1.56426852605	-0.13314304935000001	0.116
40101449	-12.91998	-11.357824517320001	-2.3176758423800004	-0.0	0.29000000000000004
6632170	-10.23745	-10.03028795837	-1.14321994204	-1.44914739471	0.232
25445997	-9.87853	-9.340704056329997	-1.5434547238600003	-1.3013653654800001	0.232
5542340	-10.26038	-9.2982768065	-1.9464529428800001	-0.8178267014100001	0.34800000000000003
9271400	-9.96426	-8.62974097161	-1.71785005534	-0.78252161751	0.116
22475989	-10.222	-9.418160975320001	-1.6276385597400003	-1.56766908735	0.232
7922825	-10.34788	-9.831053880150002	-2.0880391207200004	-1.45701320292	0.29000000000000004
6153423	-10.32555	-9.60441432695	-1.8286516129100001	-0.70215408792	0.17400000000000002
5529239	-14.5132	-12.16469476823	-2.3475363945	-0.0	0.232
6986276	-9.93053	-9.795549468230002	-2.05608915758	-0.40285391742	0.232
7358445	-10.02134	-7.868115489040001	-1.2309825693700003	-1.5082320093300001	0.058
87016637	-9.94987	-10.713155894989999	-1.4808239446900002	-1.24097076189	0.34800000000000003
7404053	-10.66808	-9.19625563732	-1.75000026247	-2.21766446646	0.232
7550174	-9.96859	-7.7699852909899985	-1.26382924684	-3.8471791317300004	0.29000000000000004
5332292	-10.80363	-6.977358250570001	-1.5360534114100002	-2.2900839463800002	0.17400000000000002
72443533	-9.86739	-8.736551021259999	-1.3574718934	-0.92671439445	0.116
10560519	-9.75713	-8.06632961049	-1.56426607122	-1.26818681076	0.116
5303552	-12.98684	-10.511497381580002	-1.6380340634100001	-0.83984391513	0.17400000000000002
5936444	-9.89166	-7.849829784259999	-1.9519742062400003	-0.668505582	0.058
5349236	-10.13361	-7.8014837085	-1.23251438329	-1.1012072750100002	0.232
5318158	-11.29641	-8.91358079804	-1.7474987907000001	-0.6377237783999999	0.232
6077555	-10.44817	-10.044949950669999	-1.30938492991	-1.5335623790100001	0.232
5654980	-13.5385	-10.131009745180002	-1.5283747031700001	-1.8828301108500003	0.29000000000000004
79524310	-10.23424	-6.43866162437	-1.9536031612900002	-2.44162558521	0.058
5738488	-10.49561	-8.550534816399999	-1.87896265238	-0.67860365841	0.232
5669594	-10.24607	-9.728207600690002	-1.8298071364600001	-1.6841993617800002	0.29000000000000004
6948075	-10.13836	-8.936539800910001	-1.69113799804	-2.46930571089	0.29000000000000004
5528411	-10.03422	-10.666726810930001	-2.1318978148800003	-1.34280331254	0.406
71305373	-9.8247	-7.135023595929999	-1.29738712363	-4.26690429723	0.29000000000000004
62722980	-9.89897	-9.981397391509999	-1.4904696731400002	-0.16372512369000003	0.17400000000000002
5767995	-10.01035	-9.595727293340001	-1.33504737204	-0.25034887863	0.232
5192681	-10.10523	-8.143980936700002	-2.3528072652	-0.19998185877000002	0.116
50219743	-10.95868	-7.498869638650001	-1.38044138702	-3.35922880077	0.116
12682823	-10.91948	-11.5620864289	-2.3163849524900004	-0.8737978893300001	0.34800000000000003
5112934	-11.38922	-7.516520106340001	-1.1246102265000002	-3.4158402972000004	0.058
5795179	-10.28569	-9.906922632810002	-1.9920279139000001	-1.3878481350600003	0.29000000000000004
7968383	-9.8769	-9.13727795478	-2.19744738692	-1.4283344309400001	0.29000000000000004
5636202	-11.3695	-8.91470627151	-1.7266250205200002	-0.72921740265	0.0
6974614	-9.85326	-7.92731192386	-1.4714457927100002	-2.1836223764100002	0.17400000000000002
7778664	-9.86826	-7.85371275088	-1.45414765777	-2.0079428690700003	0.17400000000000002
5542371	-11.3812	-9.458863243980002	-1.51044181933	-0.41482592424000003	0.232
5575623	-10.34322	-7.596378177280001	-0.6576296690500001	-2.38938463494	0.232
16758448	-9.89781	-9.96962505253	-1.79307516448	-1.02650853177	0.29000000000000004
7986505	-10.4503	-10.07762042117	-1.93251336607	-0.8863632095400001	0.232
5918521	-10.16421	-9.64440867647	-2.5866326282200003	-0.9040744953900001	0.29000000000000004
5558557	-9.98842	-7.743588604310001	-1.8601141169500002	-0.38661122907	0.0
5839299	-10.42817	-8.36069718476	-1.33527006019	-1.95463865421	0.116
7846335	-9.8732	-9.74895042278	-1.20191071906	-1.2293864648100001	0.232
5681949	-10.07702	-9.72645453814	-1.8934742045800002	-0.22127652252000002	0.17400000000000002
7939027	-9.86107	-6.5057062086099995	-1.4491675090800002	-3.6432320597100003	0.17400000000000002
5560009	-9.95892	-6.753923707239999	-1.5422497530200003	-1.6628988236400002	0.17400000000000002
5230345	-10.21971	-8.63118939086	-2.15066148333	-1.2286521660600003	0.29000000000000004
7723071	-9.90167	-8.80414021445	-1.71461739492	-1.69695266247	0.232
7953299	-9.76466	-8.28936152615	-1.7078006827000003	-2.05379248302	0.232
7990224	-10.84238	-7.970102918329999	-1.1693656349900001	-1.7042897755800002	0.0
5794564	-11.22855	-9.42086351872	-1.8057315665800002	-0.0	0.29000000000000004
6113135	-9.81275	-8.513747200340001	-1.6776441482200002	-0.7672717010700001	0.116
88998171	-9.99566	-9.144110618899997	-1.6233874955600003	-0.69359510169	0.17400000000000002
6942843	-10.23578	-9.599196406459999	-2.1374120644400003	-0.8926135605000001	0.232
7947234	-10.10999	-8.25526656183	-1.1717008797	-3.0458065967100003	0.232
5543524	-12.17414	-9.954163437940002	-1.7432712227500002	-0.47884502646000004	0.232
6252264	-10.25399	-9.736985126750001	-1.53117461213	-2.58490195731	0.34800000000000003
5469112	-10.43534	-9.34360684057	-1.2042729669	-0.49746096837000003	0.464
7922876	-9.94465	-9.2503836264	-1.24304420123	-2.3574573252900004	0.29000000000000004
6029286	-10.10273	-9.904641928410001	-2.00057984024	-0.55967075847	0.232
5466378	-11.89853	-9.52034026947	-2.3832015675	-0.0	0.522
5649762	-10.41058	-7.99956490542	-1.87668176462	-0.53465173146	0.29000000000000004
6780378	-9.88682	-9.438385535730001	-1.8270303730400002	-0.9306443613600002	0.232
5490618	-13.27204	-10.399090803410001	-2.7131738543700004	-0.15949556289	0.464
9229465	-10.01411	-6.69901256717	-1.0567987039600002	-3.13655417343	0.116
5560714	-12.57857	-10.08184890761	-2.31897655159	-0.17741245239	0.29000000000000004
6080060	-10.43572	-10.062948583010002	-1.8868184590700001	-1.5359180094	0.29000000000000004
7805042	-9.85484	-9.51087319138	-1.9605889060900001	-1.54820135889	0.34800000000000003
27626307	-10.1175	-7.144655725899999	-0.8140959742800001	-3.3464226305700002	0.116
13083666	-10.14139	-9.56783908764	-1.9723685831900002	-0.9717885889200001	0.232
7909719	-10.61872	-10.047035834139999	-1.59283503207	-2.0785765344300002	0.29000000000000004
6626144	-9.95653	-9.278420104339999	-1.9854131991200001	-0.43935150249	0.17400000000000002
26985477	-9.93428	-7.75163296073	-1.44202465516	-2.48487871878	0.17400000000000002
5728973	-10.58248	-9.05675762409	-1.4032993612200002	-0.7388279046900001	0.406
7731780	-10.02962	-9.798666385550002	-2.33847842249	-0.8268673876200001	0.29000000000000004
7931389	-10.00999	-8.29140931891	-1.5748856658000001	-0.43738358184000004	0.058
5817739	-10.19768	-11.32450080256	-1.69836466687	-1.34467724295	0.406
5789710	-12.48994	-10.69839678675	-1.78945148471	-0.0	0.754
76771469	-9.87633	-6.722848062620001	-1.55348095096	-2.75199310647	0.116
9286223	-10.05877	-7.901939274	-1.5047950089500002	-3.0070414971000003	0.232
5965559	-9.97154	-10.201927242570001	-1.5152508313000002	-0.5859939000600001	0.232
7876929	-10.0646	-8.9270651967	-1.4836021108700002	-2.59171624971	0.29000000000000004
6080781	-9.87578	-7.892780579369999	-1.7620142004900001	-2.52434874519	0.232
5806765	-12.63486	-9.693614976649998	-2.6686527068	-0.27226035333000004	0.464
5706085	-11.31852	-10.14284178571	-0.9750623335900002	-0.20308353669000004	0.406
5666472	-13.81168	-10.64618102103	-2.7973527805900003	-0.36877070664	0.5800000000000001
5323944	-11.20988	-9.03963391552	-1.8853932549100003	-0.28677597102	0.34800000000000003
5527176	-10.64881	-9.27031133337	-1.38150573117	-0.0	0.17400000000000002
83358919	-10.04372	-9.403622796539999	-2.0990514881	-0.89151504957	0.232
5104677	-9.9226	-6.5470836627	-1.16602987171	-2.20989852288	0.116
6671753	-9.85171	-8.04248298836	-1.90883127037	-1.0541651598900001	0.116
5610158	-10.76795	-9.99208021317	-2.1166298243500004	-1.4930055904500001	0.29000000000000004
6065758	-9.91215	-9.162399423190001	-2.4927336272700003	-0.0	0.17400000000000002
5915057	-9.95621	-10.00596642118	-2.14761398723	-0.13562204193	0.232
6949794	-10.53558	-9.29432762124	-1.90086569771	-2.41644794967	0.29000000000000004
51146268	-10.04384	-9.09485156411	-1.5814502319100001	-1.12808260926	0.17400000000000002
7806313	-10.01217	-10.503561641720001	-2.27468650873	-0.15816207636	0.29000000000000004
6954892	-10.04108	-9.78502824278	-2.1938843765200002	-0.40967408421	0.232
7655556	-10.64859	-8.818955395579998	-1.6563067658600001	-3.2866624611	0.29000000000000004
5213644	-10.52444	-8.34934587975	-2.16968325962	-0.6230143058400001	0.058
5535356	-11.69966	-9.016014827860001	-2.32383360809	-0.35967127653000003	0.29000000000000004
5705831	-10.64673	-9.072545780450001	-1.2656882545300001	-0.9335815563600001	0.232
14502803	-10.0516	-9.08995984917	-1.4997720760800002	-2.4085175231700005	0.29000000000000004
7923973	-9.84232	-9.66903883386	-1.3618765598000002	-1.1109470136300001	0.232
5803620	-9.87697	-8.421898137349999	-1.2841029864300002	-1.32740066196	0.116
6959478	-9.99269	-9.282461722819999	-1.8553278998300002	-2.35863220329	0.34800000000000003
5817231	-10.03901	-10.35505729141	-1.44282563112	-0.0	0.17400000000000002
5480902	-11.39096	-9.18591751337	-1.6455135797300002	-0.55645746714	0.232
7553178	-10.55249	-9.15069932888	-1.8625682455700001	-3.23735283144	0.34800000000000003
7767507	-9.74952	-9.0392716896	-1.5137169132400001	-0.90801033669	0.17400000000000002
76274258	-9.93219	-8.59688201179	-1.5302354643100002	-1.5507625929300002	0.17400000000000002
7932848	-9.85626	-6.238620157569999	-1.59398985424	-3.1782505936500005	0.116
58635548	-10.08729	-10.61529349129	-1.31481711801	-1.1044558126800001	0.29000000000000004
5562736	-10.61391	-8.13171588331	-1.4532881165800002	-1.02629117934	0.406
5186601	-12.20516	-9.81049361874	-1.49073128788	-0.9043623405000001	0.0
45151550	-10.20163	-6.33434518306	-1.10201316566	-3.9670225621200004	0.116
7935218	-9.94997	-8.51621886684	-1.6278377516600002	-2.7206767333800004	0.29000000000000004
5377079	-11.60785	-8.18855083143	-0.94014062339	-2.4787517300100004	0.116
82382977	-9.91299	-9.81997260496	-1.8966009566200002	-1.09097408763	0.29000000000000004
7972125	-10.13223	-8.64195431536	-2.3540981550900004	-0.9124983706500001	0.17400000000000002
5789058	-9.79145	-8.93058469073	-2.01983342262	-1.69978999284	0.29000000000000004
9155137	-10.31345	-9.440607804959999	-1.8747683999800002	-2.01778834671	0.29000000000000004
7985434	-9.9256	-9.961416626870001	-1.26221712491	-1.6069981284000001	0.29000000000000004
7256090	-9.89715	-10.38439075558	-1.33872611014	-0.4873335200100001	0.232
9226446	-10.24371	-8.98993795805	-2.2742162334400002	-0.7751433836700001	0.17400000000000002
16455409	-10.08991	-8.97525488227	-1.97120569515	-0.31910861358000003	0.116
84829256	-9.85793	-11.15407351457	-1.91616034068	-0.8223088609800001	0.406
5552332	-12.58273	-10.25929019014	-2.3198213638	-0.0	0.232
7754346	-9.91889	-9.90087938256	-1.4146803037900002	-0.92449974942	0.232
25795440	-10.79069	-9.82763161962	-1.89449120558	-0.33146245575000005	0.116
7933525	-9.88664	-9.534752232569998	-1.04868128253	-2.1941434089	0.29000000000000004
6306606	-10.06292	-7.59406897293	-1.4373376833100002	-1.03422160584	0.0
5705842	-12.32202	-10.71749847976	-1.1907941967500002	-0.41205321216	0.34800000000000003
6160214	-10.00281	-9.79197151389	-2.1562002811900003	-0.39132248985000007	0.232
5713980	-14.03681	-10.520139276650001	-2.85508406977	-0.66145043961	0.34800000000000003
5966968	-10.98387	-8.81281736569	-1.39046761412	-1.74155690574	0.34800000000000003
5213640	-10.45471	-8.49645630247	-2.38121911693	-0.18379791432	0.058
7656194	-9.85435	-8.69729003361	-2.08143668009	-0.51656448465	0.17400000000000002
84899452	-10.28947	-9.68948563471	-1.95820666892	-1.65531498615	0.29000000000000004
6151058	-10.09623	-9.95540792407	-2.14113463879	-1.53928990926	0.34800000000000003
5227279	-10.55819	-8.02283994498	-1.4569359939600002	-1.08028269783	0.34800000000000003
7695302	-10.00878	-8.82661629729	-2.1716934147	-0.76945109976	0.17400000000000002
88808388	-10.7262	-8.79105383351	-2.04308732583	-1.14750921699	0.116
5756170	-9.9999	-7.5137237735	-1.4099782522700002	-3.99910260591	0.29000000000000004
6141235	-9.79436	-8.19236507303	-1.66255851649	-0.5125405275000001	0.058
9283420	-10.27223	-8.576313531250001	-1.5125926011000002	-1.68714243117	0.17400000000000002
5240920	-12.06786	-9.931339252099999	-1.47573403003	-0.6648575858100001	0.406
7576625	-9.87112	-9.596796659239999	-1.7666566347100001	-2.5463718333000003	0.406
59304308	-9.86791	-11.10552770831	-1.8802738822900003	-0.9203641788600001	0.406
6485375	-9.9731	-8.98998085811	-2.13012753176	-1.76964236433	0.29000000000000004
7223392	-9.95062	-8.88340258528	-1.4628475752900003	-1.92787493337	0.232
5757137	-11.67394	-9.60554686405	-2.06748167292	-0.0	0.29000000000000004
5218032	-11.20359	-8.20687165493	-1.3415807267400002	-2.31280021251	0.29000000000000004
7959156	-10.24361	-9.14587523333	-1.8590339917500003	-2.83108001904	0.34800000000000003
5533743	-10.0005	-7.7679178769699995	-1.58229679757	-1.23490251702	0.17400000000000002
5866574	-10.1914	-10.84992544485	-1.3142588195300002	-0.41107218903000003	0.232
6144513	-10.05097	-8.36452638371	-1.86997446768	-2.1649653137700002	0.232
5836832	-9.93993	-8.958000558630001	-1.03214063799	-2.27164423617	0.232
5423221	-9.88327	-9.300093465890003	-2.3153139452300002	-0.0	0.17400000000000002
5878438	-10.48042	-9.27048695674	-1.19247294978	-1.85711203143	0.17400000000000002
6676990	-10.35963	-10.685626515089998	-1.68666775261	-1.01143484703	0.29000000000000004
5774066	-9.95442	-8.4806365522	-0.9087317749200001	-0.5636770924500001	0.058
47994671	-9.94657	-8.34513319042	-1.7833663118300003	-0.98353149453	0.116
22692797	-9.87787	-10.41761944876	-1.8041124308500003	-1.11829587552	0.34800000000000003
5401331	-10.07889	-7.50056782086	-2.21847440863	-0.35980638750000005	0.0
5225644	-11.35652	-8.083251795	-1.10308522499	-2.1734596817100003	0.116
5475372	-11.81807	-9.301184622369998	-2.1066965301000002	-0.40809974769000007	0.29000000000000004
6431808	-10.10999	-9.97085696783	-2.25952618003	-0.8344982202300001	0.29000000000000004
7845202	-10.23735	-10.304932350729999	-1.47226430317	-1.44998743248	0.29000000000000004
5571819	-9.90747	-8.3813078965	-1.5670670322500002	-1.6955075625300002	0.17400000000000002
9218235	-10.22709	-7.889729341160001	-1.68351820572	-1.84976316954	0.116
5647475	-11.13668	-10.826403354730001	-1.3951310897400002	-0.21850968483000002	0.812
53399235	-9.96826	-10.1182857318	-2.0385630741400003	-1.8893918044800002	0.406
9242986	-9.96232	-7.961458823249998	-1.2640543898200003	-2.19171141144	0.17400000000000002
15175617	-9.94962	-8.807999120459998	-1.83027706106	-2.2180521762	0.29000000000000004
5674438	-10.33895	-10.07104771818	-1.9960103495400001	-0.6899353567200001	0.232
7255839	-9.99625	-10.65344419196	-1.6724518320800001	-0.59191528518	0.29000000000000004
5174778	-11.95931	-9.93189512761	-2.0535063257300004	-0.6753786183	0.232
7850723	-10.47883	-9.63891887734	-1.70729393565	-1.58848205112	0.232
5177070	-12.94256	-10.08004145591	-1.8607166023700001	-1.00272312666	0.29000000000000004
6724742	-10.35749	-8.56353339027	-2.3482658297	-1.85954402889	0.232
5489545	-12.39759	-9.859909198559999	-2.36460693163	-0.17800576578000002	0.232
5612269	-10.98308	-8.14820211478	-2.0441439548	-1.1140134452100001	0.29000000000000004
5476594	-14.34768	-10.92015489096	-2.9382912340000003	-0.49060555524000005	0.5800000000000001
7337140	-10.16765	-6.87310954899	-2.22670405086	-1.6570009360800002	0.058
5275321	-10.107	-7.401135254630001	-1.91372059035	-1.67827797666	0.116
7324199	-9.99475	-9.744047138330002	-1.8294736302700003	-1.0520915002200002	0.29000000000000004
5615973	-9.86978	-8.38984687091	-1.11816419361	-0.36583351164	0.29000000000000004
5338339	-10.4127	-8.303812427290001	-2.1108907825000003	-0.0	0.232
5582776	-9.88584	-8.889751595269999	-2.18866365449	-1.4090194366200002	0.29000000000000004
51517229	-9.86722	-8.84217007951	-0.95623624232	-0.9331938466200002	0.116
7924089	-9.98651	-9.04617283992	-1.6381753914800001	-2.8049331091500003	0.34800000000000003
5656412	-10.16174	-9.33729666745	-1.39592435052	-1.2131437764600002	0.17400000000000002
95644642	-9.9644	-9.378180404559998	-1.6274688257800003	-1.5815326477500002	0.29000000000000004
5689990	-10.68505	-8.044864463	-1.3264807167200001	-1.3148059698	0.058
7669944	-9.99129	-8.988937529309998	-1.47008336206	-2.4617042502300004	0.29000000000000004
5105936	-10.12421	-7.9251206059	-2.20091921792	-0.0	0.34800000000000003
7682897	-9.88635	-9.170085588509998	-2.5762318642	-0.45323268606000006	0.232
7971269	-9.99947	-9.700024803109999	-1.6894315405000002	-0.36157457889000005	0.17400000000000002
5849367	-10.34178	-9.487191894770001	-2.5419133408000003	-0.12588230331000003	0.17400000000000002
73985622	-9.90257	-6.97449529863	-1.3585337827200001	-3.8860147240200003	0.232
5112888	-10.96933	-8.45363791819	-2.5174130853300003	-0.0	0.29000000000000004
5365733	-12.17202	-9.84125294536	-1.7039700958300001	-0.62884757511	0.406
7829061	-9.87078	-10.44075752188	-1.79385018938	-1.0990102531500001	0.34800000000000003
5244215	-12.36653	-8.69223030441	-1.7485452496600002	-1.9252020859200003	0.232
5601972	-14.32736	-12.26245103348	-1.6478105992300003	-0.41927283747	0.34800000000000003
5636517	-10.30164	-8.9058029716	-1.9947106924000002	-0.0	0.058
5652209	-10.24503	-8.589353588389999	-1.6367659683700002	-0.01796975901	0.29000000000000004
77757191	-10.09675	-8.781282481349999	-1.64155148411	-1.44481209489	0.17400000000000002
5749469	-10.21068	-9.95310117899	-2.5063975617400005	-0.73859292909	0.29000000000000004
92477166	-9.95172	-8.108549055629998	-1.4212045405500002	-1.58569171587	0.116
5546677	-12.77204	-10.52973226236	-1.8865628060600002	-0.35295097437	0.116
9128509	-9.94288	-8.47464061164	-0.8651161089300001	-2.92481178588	0.232
48969711	-10.12078	-9.05587097347	-1.78053413939	-1.9418971023	0.29000000000000004
5482387	-9.86171	-7.28805488637	-1.8960580885	-0.6808652985600001	0.29000000000000004
7774480	-10.61966	-10.18128277019	-2.02163386508	-0.27957984327	0.17400000000000002
5742175	-10.38321	-8.40635517263	-1.7922370153800002	-0.7894710208800001	0.34800000000000003
7849704	-10.01534	-10.021182455149999	-1.68486695946	-1.23166572813	0.29000000000000004
5757187	-10.53018	-8.436620013659999	-1.7733611261300002	-0.32295046464000005	0.29000000000000004
7181013	-9.9	-8.08477340903	-1.24980480305	-1.72538471007	0.116
7155630	-10.25451	-9.192160134379998	-1.8127313389800002	-2.2453210945800004	0.29000000000000004
7847146	-9.76226	-9.536056810409999	-1.1317446638600002	-0.8063128970100001	0.17400000000000002
6314087	-9.91188	-9.67896469754	-1.88589333885	-1.82530808397	0.34800000000000003
7830732	-9.85607	-8.44955145118	-1.4091236207400002	-0.0	0.0
7651853	-10.19953	-9.393694506520001	-1.67550178301	-0.31978416843	0.116
7982539	-10.00511	-7.73330301169	-1.8878263421300001	-2.1393940941	0.17400000000000002
5200120	-12.20269	-9.582692746330002	-1.0712176740000001	-1.5498403137	0.17400000000000002
7991056	-10.0176	-9.54683835684	-1.9205972705600003	-1.4753765460600001	0.29000000000000004
7174593	-10.25046	-8.67294884687	-1.72915384611	-2.24280685566	0.232
7923744	-9.8881	-8.73565603012	-2.05436095726	-1.4015707101000001	0.232
5806016	-9.86661	-9.16911085962	-2.23221830042	-0.20245497696	0.17400000000000002
5537280	-10.32104	-7.120654314699999	-0.9280000862800001	-2.2739939921700003	0.232
7965545	-9.9196	-9.028954307500001	-1.62930538931	-2.1590380542600003	0.29000000000000004
96119944	-9.84882	-10.23997421546	-1.9129336419900003	-0.0	0.232
6240290	-10.38327	-10.09839738681	-2.0212596788500004	-1.2984222960900003	0.29000000000000004
6311729	-9.90915	-9.729557782930002	-1.5096439995800002	-0.9893647638	0.232
7677650	-10.12117	-9.207397795850001	-0.9777549314100001	-2.30044637034	0.232
5814077	-10.86762	-9.00576497791	-1.47916693444	-0.3830513487300001	0.406
7116998	-10.00965	-9.537902209979999	-0.8589337949200001	-1.3732561503	0.464
7687662	-9.85393	-9.90280534111	-1.41961977244	-1.41234434136	0.29000000000000004
7005056	-10.01871	-9.444867425009999	-2.2038723784100003	-0.7138969935300001	0.232
7302130	-9.90967	-9.52554057605	-1.8743065412500002	-0.8262329535000001	0.232
5712825	-12.33624	-10.35527117662	-0.63927771066	-1.33884397368	0.464
6159833	-9.79164	-8.95686845532	-1.6689224879200002	-0.31126042854	0.116
5765557	-10.26706	-8.51796557866	-1.6695873961600003	-0.08047326861000001	0.29000000000000004
9278853	-9.86085	-8.214228031880001	-1.09649611058	-1.9897792551900002	0.17400000000000002
5485084	-12.19542	-9.601663333289999	-1.04516000424	-1.5475786735500001	0.406
9235003	-10.12836	-8.26195958615	-1.7664181655100002	-0.6907342737600001	0.058
5374451	-11.6505	-8.21294701379	-1.9357228809500002	-1.5027394546800001	0.116
5760205	-9.86552	-7.70829028911	-2.15384469646	-0.0	0.116
12283656	-9.80545	-7.988860807030001	-1.8960629981600001	-2.217582225	0.232
7356888	-10.05003	-7.77710247309	-1.2542490974200002	-1.60708036986	0.058
5561704	-10.08713	-10.859794677300002	-0.9507230448300001	-1.8163555136100002	0.34800000000000003
6775486	-10.32768	-9.84129753143	-1.52472402027	-0.77278775328	0.17400000000000002
59382398	-10.41268	-9.14215446072	-1.5215727199300002	-2.18619535923	0.232
5698765	-9.91204	-9.7423381313	-2.34687464247	-0.13967537103000002	0.232
5933092	-9.98523	-7.145193873119998	-1.23999986134	-1.8873298935900003	0.058
5560260	-10.35808	-11.71651405571	-1.5417496690800003	-0.7292702721600001	0.34800000000000003
6965580	-9.9502	-9.19054726496	-2.02286724181	-1.06069160718	0.232
76571866	-10.01321	-7.96742215902	-1.8298790279100001	-1.97427086559	0.17400000000000002
11527769	-9.81396	-10.131921022700002	-1.7552283489900002	-0.51003216297	0.29000000000000004
5766596	-10.48251	-9.09556813035	-2.2508304707900004	-0.97172397063	0.34800000000000003
5786393	-12.28081	-10.11809978655	-1.8015408210800001	-0.36767807010000003	0.5800000000000001
7946280	-9.85699	-8.639258840250001	-0.89589231264	-1.47607559847	0.116
6103105	-9.82965	-8.41526817239	-1.89483803799	-0.66978619902	0.116
9219744	-9.92596	-8.32034095352	-1.7151413257800001	-1.04796767844	0.116
7228750	-9.91431	-8.69848756164	-1.2030220556700002	-1.7474312957400002	0.17400000000000002
5161598	-10.1462	-9.81819183298	-2.04578097572	-0.059583937770000005	0.17400000000000002
6051695	-10.12117	-9.45826414474	-2.18054377823	-0.26249711715	0.17400000000000002
6709046	-10.10549	-8.04547359814	-1.4111818203500002	-0.65313817776	0.0
5470140	-13.54416	-9.917450134429998	-2.20818235851	-1.41600408633	0.17400000000000002
55453887	-9.8113	-6.124449047029999	-0.9836966720800001	-3.8490824340900005	0.116
7842917	-9.76116	-8.865903005919998	-1.91680105131	-2.69054111268	0.406
9340444	-9.93029	-8.67099313684	-1.1468071500500001	-1.8590035850100002	0.17400000000000002
91438176	-10.00415	-9.07542977463	-1.43353550233	-2.4184452422700002	0.29000000000000004
5770688	-10.48889	-9.41506470293	-1.0712650171500002	-0.0	0.638
5706039	-9.84525	-8.21266506868	-1.90249079517	-2.60920430874	0.29000000000000004
6043442	-10.14914	-8.97467257445	-1.68067586327	-0.6785507889000001	0.116
47370702	-9.75936	-8.08232255807	-0.81775156684	-2.56679708733	0.17400000000000002
7726035	-10.3825	-7.603422677199999	-1.18686892358	-4.02516139995	0.232
7823693	-9.8592	-9.495708101770001	-1.0738723973000002	-2.1728487451500005	0.29000000000000004
7647390	-10.35595	-9.88918729636	-2.3339710039200003	-0.555717294	0.232
32739896	-9.85455	-10.255627298660002	-1.4995823527900003	-0.9790787069100001	0.29000000000000004
5341925	-10.16193	-7.782062631480001	-1.0821974272100001	-5.162108463720001	0.406
6011488	-10.14884	-9.177383443219998	-1.8924522939200001	-0.86251318614	0.17400000000000002
5937377	-10.22725	-10.6880710251	-1.4750414172800002	-1.64962270224	0.34800000000000003
6015727	-9.97368	-8.70011527394	-1.46258385641	-2.4336951587100004	0.29000000000000004
5301383	-11.14943	-8.554715155990001	-1.5394330109400003	-1.7053530401700003	0.232
7648162	-9.93873	-7.8160291099700006	-1.94832106851	-1.91573256924	0.17400000000000002
5629565	-10.13252	-8.635139394989999	-2.0141606611800005	-0.6702620246100001	0.116
5200578	-11.82848	-9.86683689669	-1.9018371090100001	-0.7542951735600001	0.406
5774312	-10.69624	-7.7644387434799995	-1.6652409443	-1.2669296913	0.058
7974711	-10.41067	-9.363203635689999	-1.6383815972000002	-2.4587846784000003	0.29000000000000004
5815928	-10.24056	-8.99101236001	-1.5853990013100001	-1.46086680276	0.17400000000000002
5784133	-10.23779	-8.07565340944	-1.06351406677	-1.69890883434	0.34800000000000003
5875287	-9.86304	-8.8374239501	-1.87595408287	-0.3026485728	0.116
5569062	-10.33593	-10.16341566541	-1.8713533807600002	-1.3210621951500001	0.29000000000000004
7271720	-9.81827	-9.20957197495	-1.8016320004800002	-0.52848949635	0.17400000000000002
5610849	-9.92924	-9.705385639820001	-1.7511350953100002	-0.21136642659000002	0.17400000000000002
5326117	-10.23612	-8.399944085829999	-1.3245592862100002	-0.5139503811	0.232
5341763	-12.5145	-10.18635248821	-2.32756179348	-0.0	0.406
6983322	-9.99444	-9.91358770656	-1.5383644585100003	-0.87716978919	0.232
7223843	-10.18395	-9.1298700563	-1.4272858558400001	-3.4990627803300005	0.464
7773689	-10.03148	-9.72663629524	-1.8702420441500003	-1.3701251004300001	0.29000000000000004
5806013	-9.78814	-9.54857564521	-1.95741025193	-0.0	0.17400000000000002
9137864	-10.05222	-9.668916363780001	-2.02156197363	-1.3015122252300002	0.29000000000000004
6127998	-9.94641	-9.071885884529998	-1.6413473825300002	-1.55902198527	0.232
7182973	-9.94278	-7.28511058728	-1.5895865906	-2.81482558191	0.17400000000000002
6151240	-9.99483	-7.95281863132	-1.22588564091	-1.40149434303	0.058
7403402	-9.88946	-9.083332192570001	-1.81855419574	-1.29799346562	0.232
6473038	-9.96639	-9.51611079275	-2.06898402888	-3.04416176751	0.464
5339114	-10.53498	-9.425937144550002	-1.10970835633	-0.0	0.232
6626148	-10.21165	-9.38271215811	-1.80354501443	-1.4126498096400002	0.232
5981087	-10.11258	-9.12185100682	-1.17643554539	-1.58876402184	0.17400000000000002
5470515	-11.8936	-9.14605870578	-1.61745767835	-1.1293984726200001	0.34800000000000003
7991019	-10.86964	-10.3670037236	-1.243231119	-1.80177527763	0.232
7990813	-9.96109	-8.63400612001	-1.8816289484500002	-1.19246592366	0.17400000000000002
5672936	-13.49079	-10.403694791859998	-1.5349803000100002	-1.5515908819200002	0.522
5741321	-10.94796	-8.598515546949999	-1.9227866282300003	-0.4274029932300001	0.116
48692802	-9.8888	-8.18555586548	-1.5412331027100001	-1.8950840883900002	0.17400000000000002
7663820	-10.37802	-7.18965388828	-1.3221272510600002	-1.86517169451	0.0
5749624	-10.44795	-9.764441737630001	-1.94368950568	-0.57315835791	0.17400000000000002
6090441	-10.08857	-8.933850065209999	-2.2007386125700004	-0.72746683443	0.17400000000000002
5251284	-14.62983	-10.31908828344	-2.67318818057	-1.63511883333	0.232
5566719	-9.82374	-8.536562017469999	-1.9637752754300002	-1.6185119328	0.232
96687483	-9.7603	-9.03701897126	-1.70210477572	-1.0186074772200002	0.232
6430596	-10.09257	-10.142057767859999	-1.5444955717800002	-1.35835869726	0.29000000000000004
6369096	-10.09472	-9.90623558083	-2.07840952401	-0.4702449195	0.232
6948614	-9.7639	-9.262633341599999	-1.7759169548500002	-1.5815443965300002	0.29000000000000004
7679906	-10.12729	-9.26516974474	-2.6396383696500005	-0.0	0.17400000000000002
9250241	-9.85164	-9.74409534236	-1.7438891385300002	-0.6675010613100001	0.232
5482188	-10.63235	-7.07228008647	-0.9841588815000001	-2.5763664686400003	0.17400000000000002
7844878	-9.92495	-9.62356476147	-2.0126351596800003	-0.6082049686500001	0.232
9127393	-10.3769	-8.95244556102	-1.6044130624200001	-2.85045375726	0.29000000000000004
5929894	-9.90242	-9.033570783840002	-1.79576250195	-1.39430408967	0.232
5546412	-9.90218	-7.716733845039999	-2.1848667338600003	-0.0	0.232
5683033	-10.25208	-7.7592202383	-2.1977047933800002	-1.49184833562	0.116
5759447	-11.55756	-7.84442163769	-1.44739126423	-2.2656347352	0.464
6997035	-10.17648	-9.09133651686	-2.1423701196600002	-0.13459989807	0.116
5471339	-11.74841	-8.539510877109999	-2.01403616623	-1.19031589692	0.232
5785075	-11.60839	-8.952835969899999	-1.8223465574	-0.83509740801	0.116
34111387	-9.74933	-8.421266213869998	-1.9854219663700001	-1.33637672988	0.232
9148580	-10.05854	-10.250160484630001	-1.8279498822200002	-0.9206461495800001	0.29000000000000004
6872084	-10.32757	-9.66255080545	-1.7565991962	-1.9282567687200003	0.29000000000000004
5489810	-11.32777	-8.98923975923	-1.70980452536	-0.63097410429	0.29000000000000004
78409499	-9.9508	-8.12863099788	-1.67294700636	-1.3139365600800001	0.116
6890687	-9.9865	-9.64662809575	-1.4980021436500002	-1.7593798050000002	0.29000000000000004
72025445	-10.24724	-10.51964074064	-1.95704167674	-1.3653198494100003	0.34800000000000003
6680249	-10.12032	-10.56077520037	-2.24465552127	-1.44859520205	0.406
5654451	-10.39298	-8.802894089430001	-1.9989400138000002	-0.19960589781000002	0.058
7023041	-9.89277	-9.432649938840001	-2.4592862178300003	-0.89624393352	0.29000000000000004
5784295	-10.31863	-8.526717839129999	-1.6280022252700002	-2.5790334417	0.232
60466282	-9.86787	-9.81255815344	-2.14160666753	-0.79958084607	0.29000000000000004
5628841	-10.21987	-7.92854413011	-2.19055878325	-1.00231779375	0.116
5427027	-9.94728	-10.07584066587	-2.19763500607	-0.0	0.232
6825112	-10.00452	-7.192615935039999	-1.65951347522	-2.90275932582	0.17400000000000002
10221546	-10.28496	-9.53466475664	-2.03935984182	-0.5164293736800001	0.17400000000000002
33058123	-9.84115	-9.66112365205	-1.6811864679100001	-0.79622069499	0.232
7261722	-10.87799	-10.433662217010001	-2.08274159758	-0.26958163149000003	0.17400000000000002
9207608	-9.76662	-8.81216857273	-1.7638967044100002	-1.1849290812900002	0.232
5466911	-10.03902	-9.17547992283	-1.5412099571700002	-0.49458251727	0.116
5536552	-10.61594	-8.112526013650001	-0.5525829343800001	-1.9532581725600002	0.29000000000000004
5557490	-10.12922	-7.430427481699999	-1.3096125277200001	-1.39396924944	0.116
5538062	-10.55206	-8.67909516267	-1.4519660152800002	-0.4158539424900001	0.116
7949069	-10.27314	-9.67288629041	-1.9784541067600003	-1.6238223813600001	0.29000000000000004
5784147	-10.21086	-7.513457859470001	-0.9922850701800001	-1.7057113779600002	0.29000000000000004
9031472	-9.89839	-8.16349658007	-2.03475352867	-2.01349416762	0.232
5651221	-10.24497	-8.37387286202	-1.68084033688	-0.19258600176000001	0.058
6033578	-9.95236	-9.9133296891	-1.9782352762000002	-0.39205678860000004	0.232
5745028	-9.89253	-9.05147270956	-1.46615738751	-3.13356998331	0.406
13345090	-10.03112	-9.196806657709999	-1.6054142823700002	-2.15618897511	0.29000000000000004
5539016	-10.02897	-7.44766730431	-2.13620954843	-1.0267258842	0.116
5105343	-11.066	-7.56271708376	-2.5854939377900004	-0.9151124742000001	0.116
5540307	-10.84372	-9.72705693002	-1.4017303741600002	-0.34667125146000005	0.464
5742507	-12.54322	-11.333097302719999	-1.9634740327200002	-0.7167049519500001	0.464
7924161	-9.78293	-9.23115464899	-2.0139158795600003	-0.82685563884	0.232
70868263	-9.85531	-9.04620542984	-1.3774717441000002	-2.88977104953	0.34800000000000003
9226980	-10.2292	-8.96596139856	-1.36578079157	-1.6876182567600002	0.17400000000000002
74788650	-9.89604	-9.565942435109998	-1.6467900913300002	-1.5777142942500002	0.29000000000000004
7644485	-10.31488	-9.80949330977	-2.01000603675	-1.5107168763	0.29000000000000004
5768972	-10.94191	-8.0234652804	-0.6354765817500001	-2.2812429894300004	0.232
7923104	-10.05025	-9.185191016420001	-0.9977512752100001	-2.8070067688200004	0.29000000000000004
5212505	-9.74716	-7.4635474430499995	-1.6548394789	-0.62759633004	0.232
5422169	-9.84602	-8.89420005872	-1.85748534471	-0.24877454211	0.116
21689132	-9.90376	-9.62838796484	-1.09091277509	-2.07857066004	0.29000000000000004
5378105	-11.64487	-8.41723945599	-1.2149925081300001	-2.69433009423	0.29000000000000004
5314427	-9.91076	-8.066704847359999	-1.9871459584100002	-0.7238012150700001	0.116
6091493	-9.82952	-10.06086246304	-2.06896754645	-0.0	0.232
98326556	-10.75401	-10.438344391259998	-2.15162062048	-0.052922379510000006	0.17400000000000002
5338348	-10.67162	-8.90117131073	-1.7679096500800002	-0.0	0.232
7927935	-10.0738	-9.156722848920001	-1.8260856141800001	-2.6213290497000004	0.34800000000000003
6987235	-9.78206	-9.38371222505	-1.98701059207	-1.27291569471	0.29000000000000004
7481059	-9.88697	-10.000480614399997	-2.15171986575	-1.2010014123300001	0.34800000000000003
5635020	-9.81176	-8.0042487246	-2.38817049411	-0.0	0.058
5578464	-9.89342	-8.92091384308	-1.55260387527	-0.0	0.17400000000000002
5626464	-10.34421	-8.63553018395	-1.4445654042100002	-2.07556884675	0.17400000000000002
5380768	-10.24218	-8.603919529219999	-1.6370044375700001	-0.0	0.17400000000000002
5977953	-10.75993	-9.564485334739999	-2.02490440002	-1.6849512837000002	0.232
7236595	-9.86766	-8.0267202981	-1.8098960103300001	-1.1885653287	0.116
35066632	-10.0284	-8.23151058711	-1.1862510078000001	-2.37161460519	0.17400000000000002
6149344	-9.89641	-8.495012856239999	-1.7845604112800002	-1.9375441793100003	0.232
9234353	-10.10347	-8.131724824480001	-1.6788193104100002	-0.8779980781800001	0.058
7697916	-10.21515	-10.44616902216	-1.72668253368	-1.03029163893	0.29000000000000004
5305415	-13.18134	-9.576907269449999	-2.07710074893	-1.53046657548	0.406
7591751	-10.70464	-9.359871326089998	-1.7217890054200002	-2.12248172529	0.232
40931644	-9.884	-7.46443618402	-1.29605660577	-2.28336364422	0.116
5127833	-10.145	-10.11581926155	-2.6665145498700005	-0.9216330471	0.34800000000000003
7382787	-9.84912	-9.49380851586	-1.6869837243	-2.70401108895	0.406
7998434	-9.77986	-8.330465880190001	-1.9804751332300001	-0.61157099412	0.116
7963939	-10.53591	-10.1637819217	-2.0903775216400002	-1.9764267667200002	0.34800000000000003
6586750	-10.03462	-8.66853447606	-2.0187490891400004	-1.10516661387	0.17400000000000002
57762408	-9.87016	-6.800315318870001	-1.5841782494200003	-2.64766981446	0.116
7698002	-9.84607	-8.85712410664	-1.56688747897	-2.5851780536400004	0.34800000000000003
5230391	-10.84586	-9.538761640039999	-1.61422326448	-0.32334404877	0.116
6060405	-10.22317	-9.69895068091	-1.63991306043	-1.28250269919	0.232
5915920	-10.42988	-9.519785811599998	-2.1303916013300004	-0.0	0.116
5746159	-10.30253	-9.15911794282	-1.3979800953000001	-1.55126779047	0.17400000000000002
9237449	-10.61623	-8.706121545510001	-1.78418377022	-1.3638453775200001	0.116
6982166	-10.06735	-8.849203294830001	-1.62057601383	-2.53966327992	0.29000000000000004
9206153	-10.12307	-9.272553921759998	-1.63241811375	-0.99092147715	0.17400000000000002
93837142	-10.01497	-10.1409085422	-1.7535338149100002	-0.46029957723000003	0.232
5379626	-9.97372	-7.6298101996600005	-1.8680618044200001	-0.47569635342000005	0.232
9224721	-9.81356	-8.15869453526	-0.9809504186900001	-2.11026299409	0.17400000000000002
11677809	-10.01825	-10.03753999927	-1.55056110602	-1.3582940789700002	0.29000000000000004
50723973	-9.94827	-7.902741582900001	-1.87433740197	-1.91768874111	0.17400000000000002
70641277	-9.94181	-8.07119815298	-1.47458236407	-2.14041036357	0.17400000000000002
5703251	-10.07243	-9.13789433012	-2.7004406511600005	-0.0	0.17400000000000002
7657856	-9.99873	-10.28706988685	-1.7557435126	-0.87843278304	0.29000000000000004
9192928	-10.04183	-7.947840969609999	-1.60196524622	-1.0760766345900001	0.058
5676392	-9.92699	-9.900471499870001	-2.1638176186800004	-1.34935913178	0.34800000000000003
5341692	-10.19052	-8.28807143315	-1.90474994015	-0.0	0.29000000000000004
6064285	-10.03215	-8.14643520375	-1.09545876956	-1.9702704060000003	0.116
5792177	-11.24207	-9.44699178287	-1.3950518338000002	-0.39806041518	0.464
5473552	-10.4109	-7.29697529397	-2.43000079731	-0.68963576283	0.0
5882603	-9.89232	-9.6379931815	-1.7756276356	-1.3700546077500002	0.29000000000000004
19457472	-9.97446	-10.61270529085	-1.7981573639600001	-0.48077770077000004	0.29000000000000004
7681229	-10.03948	-9.74794158545	-1.63225784842	-1.5945267984300002	0.29000000000000004
5705074	-9.82637	-10.004039057660002	-2.26914911363	-0.4272443847	0.29000000000000004
7686101	-9.92256	-9.69165935134	-1.7863871554900002	-1.34141108211	0.29000000000000004
7683138	-9.81964	-9.68779779551	-2.10868669585	-0.88776131436	0.29000000000000004
33163474	-10.53175	-10.15448530759	-1.5798374086	-1.8766032574500002	0.29000000000000004
5227284	-11.17092	-7.57125606189	-2.21564784723	-1.38587434002	0.17400000000000002
5263150	-11.18688	-8.842679782789999	-1.79441129338	-0.5476811284800001	0.232
5105554	-10.92369	-8.600200561869999	-1.57838730545	-1.3814039292300002	0.116
14115979	-10.12438	-9.443968583759998	-1.6506575006500002	-1.9877114699100003	0.29000000000000004
5649209	-12.1359	-10.34753123666	-2.0375941176700003	-0.45702166761	0.6960000000000001
5229732	-11.39577	-9.415094693430001	-1.4677814329000003	-0.51875563212	0.406
5476455	-10.07053	-7.134908493490001	-1.7996954903000002	-1.72144299438	0.058
5304920	-9.84946	-8.63794481663	-1.7879736770500003	-0.0	0.116
5758398	-11.37943	-8.41468636303	-1.8185840043900001	-1.1473682316300002	0.058
5474863	-12.45995	-9.94112684424	-2.0275517588300005	-0.48990062844000004	0.464
5881723	-9.80848	-8.752570269299998	-1.8427696909300002	-0.9357785782200001	0.17400000000000002
6134636	-10.26628	-8.61414033651	-1.9100790253900002	-0.34158990411	0.058
5104509	-10.68814	-8.006185225740001	-2.0349509671400003	-0.6440093757	0.34800000000000003
7667711	-10.45548	-10.618775236200001	-2.1486674599900004	-1.35577984005	0.34800000000000003
5379150	-10.05943	-8.34864545646	-1.60678828579	-0.10237886892	0.29000000000000004
74625376	-10.1547	-10.473149767390002	-2.0383053169900003	-0.61159449168	0.29000000000000004
5306941	-9.87363	-10.069886958969999	-1.9021246748100002	-1.3629583446300002	0.34800000000000003
5788515	-12.14314	-9.746479411780001	-1.7356938639200001	-0.6596822482200001	0.232
6144757	-10.20004	-10.239540118179999	-2.0656405504200004	-1.4727095730000002	0.34800000000000003
9001736	-10.30411	-9.321090763379999	-1.6929226594500002	-1.10107216404	0.17400000000000002
7978274	-9.82898	-8.35669872638	-1.38113750667	-2.9637472428000002	0.29000000000000004
5485064	-9.90854	-7.30688522486	-0.9024537225400001	-1.69898520141	0.116
6996024	-9.04911	-8.48033600353	-1.2854752364000002	-1.3958960493600001	0.232
5812115	-9.87963	-8.586143976959999	-2.4488626589600004	-0.0	0.116
5807934	-13.4004	-11.11938046988	-2.2799721084100004	-0.0	0.6960000000000001
6238400	-10.03942	-9.618234190459999	-1.3365321935	-0.84877886232	0.17400000000000002
5772459	-9.94995	-9.40071315283	-1.82827602392	-2.21341728249	0.34800000000000003
7966260	-9.85612	-9.76338785363	-1.76291722724	-1.78397000154	0.34800000000000003
5634450	-9.88096	-9.3234421122	-1.71510345126	-0.0	0.116
5230324	-10.81737	-9.19439773937	-1.62267103589	-0.0	0.406
69603305	-9.77803	-7.39607615207	-1.45313872264	-2.06844908607	0.116
6121784	-9.82879	-7.9827204712	-1.0921777139200002	-1.9025974332000002	0.116
5622598	-10.73691	-8.240207379109998	-2.06807083212	-0.42917705901000003	0.29000000000000004
6543112	-10.40228	-9.4979149779	-1.6863559892	-1.6547569191	0.232
5784197	-11.45102	-8.95088637759	-1.84844350444	-0.6517753192800001	0.232
10984952	-9.85391	-9.42563602099	-1.3135160581100003	-1.4220194616900002	0.232
5213616	-10.34884	-8.48675889987	-2.29806210137	-0.16955251857	0.058
5705494	-13.268	-10.769732422799999	-2.49845197841	-0.0	0.464
9206483	-9.95641	-7.96686955517	-0.92006151675	-2.5216993953	0.17400000000000002
5585725	-10.94364	-8.52844112293	-1.36831628027	-1.0470923943300001	0.406
5663517	-12.00265	-9.10296227787	-1.8299540755700003	-1.0691213568300002	0.406
31422747	-9.88866	-8.23448750755	-1.1972721424300001	-1.6152340231800002	0.116
5805503	-10.1039	-10.19240965578	-1.4529630269500002	-1.4097361122	0.29000000000000004
5307595	-9.83241	-9.30809078107	-1.7965743493000002	-1.0330760997900001	0.232
7148142	-9.92237	-8.36857629502	-1.52162006308	-2.9322428892300003	0.29000000000000004
84076848	-10.16425	-9.09224106599	-1.8013539033100001	-0.7538134735800001	0.17400000000000002
7258370	-10.05941	-9.835942914110001	-1.49127485738	-1.0864331841600001	0.232
65140588	-9.83078	-8.119643528900001	-1.01274432478	-2.4249599407800004	0.17400000000000002
5719836	-11.14921	-9.446911980769999	-1.7009787101300002	-0.0	0.17400000000000002
19693269	-10.1259	-9.984025590489999	-1.8951557631300002	-0.6180269487300001	0.232
6626384	-9.89502	-7.49196990307	-1.9681827473500002	-1.59446805453	0.116
5629252	-12.67003	-9.83722043903	-2.36855780517	-0.46455263559000004	0.638
80153606	-9.95005	-7.43888785735	-1.6227664235700001	-2.6267393628900004	0.17400000000000002
5748340	-10.99174	-9.81042803378	-1.82661480539	-0.0	0.232
38101334	-9.76679	-8.39156271823	-1.9232313031500001	-1.16747039421	0.17400000000000002
5680391	-14.5038	-11.28152168715	-1.98368815501	-1.2386503778400002	0.464
5282818	-9.85858	-7.239772358300001	-2.16116114193	-0.45638723349000004	0.34800000000000003
5480371	-12.29099	-9.404666195759999	-1.2304397012500001	-1.65848715675	0.232
36504648	-10.30296	-10.1368277922	-1.8063543920200003	-1.3740021978300003	0.29000000000000004
5105241	-10.32407	-7.350786616959999	-1.5215870982200002	-1.4519612275200002	0.116
9133650	-10.34131	-8.86881523061	-1.8473044633200002	-2.04701931135	0.232
6651902	-9.80756	-9.01511642373	-1.8087446950600001	-1.8511730231400003	0.29000000000000004
72396927	-9.91462	-7.220209816400001	-1.20278744406	-2.65033091313	0.116
7913173	-10.22561	-8.786385194210002	-1.69923227393	-2.73105090612	0.29000000000000004
7847020	-10.06722	-8.93072538666	-1.2732221278	-2.8063135908	0.29000000000000004
6024108	-10.0713	-8.336306563550002	-1.3830512220000002	-2.4138514692900004	0.232
5524657	-10.13489	-7.48212531698	-1.27274904699	-1.3792421537100001	0.34800000000000003
5257252	-10.41029	-7.35818417034	-1.0536979029800002	-2.60273660535	0.232
5622925	-11.90501	-9.852145152550001	-1.6888862175500001	-0.36464688486	0.522
5330162	-10.7746	-7.296536839739999	-1.4883890293700002	-1.9894150430100002	0.29000000000000004
5570907	-11.76965	-10.01207467854	-2.26148688782	-0.18316348020000003	0.522
7352624	-10.08678	-9.9543732981	-1.8432610076200002	-0.64672334388	0.232
5636193	-10.31234	-9.671707201740002	-1.71808466695	-0.12702780936	0.116
5801091	-10.44635	-7.170041664850001	-1.42190311503	-1.8591328215900003	0.116
6516063	-9.87838	-9.875727847919999	-1.8992998668600003	-0.70478581464	0.29000000000000004
5786138	-12.22161	-9.193178974640002	-1.97683567241	-1.0529550355500001	0.34800000000000003
7801455	-9.74216	-8.90261425895	-2.2797111950500004	-0.8420938065000001	0.232
5671929	-12.17339	-8.185042877049998	-1.7868511183600002	-2.19955372209	0.29000000000000004
9289965	-9.90364	-10.20391482178	-1.7734873745300002	-1.4064875745300003	0.34800000000000003
5475161	-11.80027	-8.93102042196	-2.3868610176500002	-0.47825171307000003	0.406
5654017	-10.00727	-8.82484389107	-1.7668095355500002	-0.0	0.058
5224167	-11.01042	-9.435944936350001	-1.8057992497500002	-2.33999276382	0.232
5784222	-10.74514	-8.12283960369	-1.88800694748	-1.35825295824	0.116
85859679	-10.0724	-9.46905925494	-1.1552938480500001	-1.20956627295	0.17400000000000002
6250535	-10.04993	-9.143164933200001	-2.5017782730600002	-0.7515107127000001	0.232
5105209	-11.03908	-8.24213794323	-2.0889986085600003	-0.7111066582800001	0.34800000000000003
90474592	-10.41914	-10.78184567645	-1.6855574680700003	-0.9989517682800001	0.29000000000000004
38674228	-10.03354	-9.40928575126	-1.47318837132	-1.4942920818600003	0.232
5762317	-11.15066	-9.5504845943	-1.6021914412700002	-0.0	0.34800000000000003
6106498	-9.98219	-8.54915017784	-1.8952606194400001	-0.7082164584	0.116
5747207	-10.39567	-10.26241191953	-1.6848273314900002	-0.87997774761	0.232
6127505	-9.80088	-8.27426500816	-1.8078928690500002	-1.4360827513500003	0.17400000000000002
97015787	-9.94635	-9.56119812464	-1.42145738804	-0.12128265594000001	0.116
7220068	-9.883	-8.28112881471	-2.17799811952	-0.0	0.058
5556247	-10.65773	-8.199561285560002	-1.43201315704	-1.02520441719	0.34800000000000003
7335136	-10.15548	-8.496186811770002	-1.5631575401300002	-0.69102799326	0.058
5706087	-10.22772	-9.06867682341	-1.7548261075600002	-0.0	0.406
5809659	-12.30445	-10.28475825191	-1.5972951074900001	-0.42181057395	0.29000000000000004
7985054	-9.98259	-10.222426686040002	-1.5749793000300003	-1.6838351496000001	0.34800000000000003
6148018	-10.31213	-8.59430644334	-1.8399943302700001	-0.4833448092	0.058
5914710	-10.10392	-8.51589682201	-2.3282189865400005	-0.43392944052000004	0.116
6958493	-10.00064	-8.86621040295	-1.9918806241000002	-1.4844877249500001	0.232
7777163	-9.87333	-8.375913150570002	-1.5921715265900003	-1.06117918155	0.116
5668688	-10.05599	-9.22294638825	-1.66512486591	-1.52237754045	0.232
84446981	-10.70343	-8.34067414539	-1.3458317909200002	-3.51944103924	0.232
5189252	-12.91422	-8.2828684683	-2.15443771325	-2.4787399812300004	0.17400000000000002
5155548	-9.87318	-7.543119540089999	-0.9416422779700001	-1.38704334363	0.29000000000000004
5379221	-12.00894	-8.494318858449999	-1.7150192856600002	-1.80169891056	0.232
5626300	-10.52409	-8.07934165648	-1.6763325676200003	-0.77100781311	0.116
9269222	-9.97213	-10.071018744949999	-1.5081258625700003	-1.3048782507	0.29000000000000004
7460858	-10.05538	-9.60700496981	-1.6102071626	-1.1917374993000003	0.232
5628173	-10.60472	-10.76712391927	-2.0169307614900003	-1.54001833362	0.34800000000000003
5406395	-13.19755	-8.75777433238	-2.85955010692	-1.5826546562400001	0.34800000000000003
5637814	-12.40125	-9.53299243265	-1.9723892739000002	-0.8959384652400001	0.17400000000000002
5668062	-10.23523	-7.40925750351	-1.5352370050900002	-1.28647966122	0.17400000000000002
6982644	-10.42145	-8.74506857139	-1.88156231735	-2.84218261614	0.29000000000000004
60871805	-9.74987	-9.13727646735	-1.33135916531	-0.41866777530000004	0.116
5473256	-9.80523	-9.90851108835	-1.6746411897500002	-1.0901869193700002	0.29000000000000004
5332359	-11.18659	-8.414775710239999	-1.8097297832700001	-0.9639345294900001	0.232
5186770	-10.14289	-11.046478411160003	-1.8258348708300003	-1.4245337006100003	0.406
46806204	-9.92209	-8.54204984863	-1.0423152069600001	-2.08048571118	0.17400000000000002
7874680	-10.06369	-9.602304701089999	-1.3818501087500001	-2.0191570795800002	0.29000000000000004
5786832	-9.75647	-8.913814862470002	-2.0131485698400002	-1.6819377216300002	0.29000000000000004
5317398	-10.85345	-8.673742825579998	-1.9592240206100002	-0.21920873724	0.29000000000000004
5569530	-11.39811	-10.17398807653	-1.2227732671600002	-0.0	0.464
9222590	-10.16589	-8.42607822993	-1.8625770128200003	-1.06706532033	0.116
6414199	-10.16129	-9.68501213608	-1.5337767319300002	-0.7249878418500001	0.17400000000000002
5227418	-12.01699	-8.570514755889999	-2.3588457963100002	-1.0912560583500002	0.232
7978783	-9.90088	-8.869427253	-2.2739318238500004	-1.6510678021800003	0.29000000000000004
7412105	-10.21854	-8.94547507041	-1.82577174663	-2.43407699406	0.29000000000000004
5849364	-10.26651	-9.58295824244	-2.4820677416100003	-0.0	0.17400000000000002
6969228	-10.36702	-8.51728849429	-1.8293919195000001	-2.4419310534900003	0.232
9228989	-9.77916	-8.413373921829999	-1.47068023644	-1.0407480531300002	0.116
5681480	-10.18744	-9.98579466531	-2.23945969823	-0.94366788399	0.29000000000000004
5676389	-14.01404	-11.45694596662	-2.1189994366800002	-0.43582686849	0.464
5523880	-13.21332	-9.643240060900002	-2.0676117789100004	-1.5029391839400001	0.29000000000000004
5806610	-12.38977	-9.54698699719	-2.4137361458	-0.42575228964	0.34800000000000003
5714543	-11.81991	-9.25917861318	-1.6043281954400002	-0.9555517749600001	0.29000000000000004
5629675	-10.63749	-8.150400042389998	-1.23378914144	-1.2549518100900001	0.406
5655073	-12.90831	-10.265862766789999	-2.0616503996000004	-0.5823282807	0.34800000000000003
6431679	-9.90608	-8.917236192730002	-2.30006524265	-1.00133677062	0.232
6123459	-10.27578	-8.80530871639	-1.55394456314	-1.72345203576	0.17400000000000002
15872349	-9.97714	-9.89108373985	-1.82112299999	-1.18126933632	0.29000000000000004
6065071	-10.11194	-9.236026011209999	-1.78174226644	-1.45784149191	0.232
5933533	-9.82535	-8.98877293903	-1.49999476423	-1.6315060834800001	0.232
7871161	-9.8558	-6.8921511513799985	-1.3157408354700002	-3.9547920821400004	0.232
5849362	-10.32701	-9.453940413240002	-2.53567386432	-0.14814624141000002	0.17400000000000002
68863489	-10.06488	-8.81372074272	-1.4324157491600003	-1.58391765009	0.17400000000000002
5530360	-10.29643	-8.77143130033	-1.3124948488300001	-0.815365332	0.17400000000000002
6747072	-10.22033	-8.9568498975	-1.62056093416	-3.2255511819300002	0.34800000000000003
5795791	-10.8971	-7.224603677039999	-1.3562311521800001	-2.95756738452	0.058
5567503	-10.08758	-10.010837118249999	-2.22198095794	-1.3944509494200001	0.34800000000000003
5659463	-12.14781	-9.47594524887	-1.5848172066000001	-1.0827088209	0.232
5784219	-12.02981	-9.03777715701	-1.9551391834900003	-1.0360074204	0.232
5811613	-10.00408	-7.383961412749999	-2.17246282856	-0.45102391542000003	0.34800000000000003
5849633	-9.94531	-9.394765250359999	-1.89955306504	-1.5501457819800002	0.29000000000000004
6628393	-10.08398	-8.377800670829998	-1.9528298898400003	-1.5231940806600002	0.17400000000000002
5773680	-11.2204	-9.22943195556	-1.9911525916600001	-0.0	0.29000000000000004
7227360	-10.50097	-10.687467709189999	-1.5313022632900002	-0.7385870547000001	0.232
5585253	-10.62153	-10.379760929989999	-2.5184402563400003	-1.4496819642	0.34800000000000003
6275101	-9.85025	-9.271329676519999	-2.19294347525	-0.68844326166	0.232
5550914	-10.01505	-10.58732556258	-2.4253895745	-0.51721654194	0.34800000000000003
5693527	-10.0479	-10.421342329339998	-2.20596354288	-0.9482734057500001	0.34800000000000003
6975397	-10.17129	-9.027836942469998	-1.6697087349000002	-2.44469789118	0.29000000000000004
7025083	-10.30091	-8.996519567819998	-1.9104847737200001	-1.8047888397	0.232
5213655	-10.57259	-9.30110861166	-2.2792535446	-0.23259647205000003	0.116
5320921	-10.44078	-8.19692738125	-2.15222836625	-0.09455418144	0.29000000000000004
5107763	-11.75131	-9.78414220969	-1.9639095897000003	-0.0	0.17400000000000002
5551051	-9.99916	-10.213936385730001	-2.2026933586300004	-1.38141567801	0.406
5244193	-12.54086	-8.375268453679999	-2.23777849037	-1.93050666009	0.116
5688126	-12.24389	-9.4039335924	-2.3676723129200004	-0.47439223884	0.464
5791018	-10.10357	-10.14323412185	-2.32461213989	-0.0	0.232
6065760	-9.85812	-8.42118264224	-2.06289499841	-1.3921540629300002	0.232
5379295	-10.82152	-8.387623984789998	-1.8977063315000002	-0.5371894679400001	0.232
5332233	-12.45843	-8.367392393629999	-1.9864277452900003	-2.10510527967	0.29000000000000004
5787196	-10.38805	-7.373412480080001	-1.04934548939	-2.56965791526	0.232
5770442	-10.4217	-10.96056123995	-1.3832858336100002	-0.51222918483	0.232
19602056	-9.90659	-9.562747535500002	-1.6159970545000002	-0.46681427574000006	0.17400000000000002
7821680	-9.84857	-9.01321785857	-2.13059780705	-1.5797997027	0.29000000000000004
9072126	-10.02043	-9.407357407680001	-1.6565210374500001	-0.71448443253	0.17400000000000002
7858693	-10.66783	-8.686495494919999	-1.98016652603	-1.87050564063	0.17400000000000002
9327852	-9.91778	-6.95752630572	-1.06778932856	-2.4664860036900005	0.058
7975354	-10.02743	-10.223202843529998	-1.9789342013700002	-0.7568270356500001	0.29000000000000004
7643680	-10.09687	-10.21874790283	-2.2376760888900002	-0.0	0.232
5555833	-10.08953	-8.13798136514	-2.07280023746	-0.46684364769000003	0.116
6433501	-9.30016	-9.18369425832	-1.5662877990700002	-1.82043821466	0.34800000000000003
5471857	-9.79822	-8.69770907195	-1.9339262960800003	-0.8877906863100001	0.17400000000000002
6119492	-10.12939	-10.133570242629999	-1.6335192803500003	-2.2046761901700003	0.406
5374454	-12.11873	-8.487202829620001	-2.1338725502700004	-1.49737613661	0.29000000000000004
5391114	-11.55916	-8.557351380450001	-1.6845730812400002	-1.31738482701	0.232
5333334	-10.42552	-8.669855057	-0.94112080194	-0.8180616770100001	0.34800000000000003
73894067	-9.88278	-9.126782242910002	-2.4406396798400003	-0.6279840397800001	0.232
5174646	-11.4332	-7.97705381877	-1.7177339769500002	-1.732357611	0.116
5538189	-10.00813	-8.37836850523	-1.6873603653600002	-0.5301636975	0.17400000000000002
7970748	-10.02534	-9.847986372180001	-2.2720514240700003	-0.83675986038	0.29000000000000004
5133446	-10.1827	-10.47722446501	-2.3386102819300003	-0.94221690966	0.34800000000000003
6600451	-9.85685	-8.076148495330001	-1.7192475549900001	-0.6398444331900001	0.058
5401759	-9.95529	-7.531396742970001	-2.22710488953	-1.36294659585	0.116
5810274	-10.68313	-8.266163431649998	-0.9399964898000002	-1.4786838276300003	0.34800000000000003
7755241	-10.13738	-11.128570370659999	-1.84600200066	-1.31515255881	0.406
5677153	-11.9761	-9.071193265109999	-1.8236069372600001	-1.4350018635900001	0.116
7874301	-9.929	-8.47982688912	-1.55679462077	-2.7910225536300004	0.29000000000000004
9211540	-9.87711	-9.02735473118	-1.4900607686000003	-1.67495894631	0.232
7965979	-9.76322	-8.845001276889999	-2.13636069582	-1.0658904423300002	0.232
7933217	-9.78034	-8.799292387200001	-1.80940855123	-1.46034398205	0.232
7923448	-9.8902	-8.799675736580001	-2.70142854489	-1.27624647384	0.29000000000000004
7923839	-10.03336	-10.873614502450001	-2.19472147355	-0.48123002880000004	0.34800000000000003
5790935	-10.57474	-8.81260571309	-1.9500822336900003	-0.43117435161000006	0.116
5532312	-11.33905	-8.341832831649999	-1.9915369479	-1.00517862168	0.34800000000000003
72414392	-9.99828	-7.26261181966	-0.9703332789400001	-3.5160280186500006	0.17400000000000002
5759545	-10.71952	-7.543120460829999	-1.7708677202300003	-1.4059706282100002	0.406
6049006	-10.0123	-9.69769925015	-1.6448739211700003	-1.8896502776400002	0.34800000000000003
6238073	-10.27889	-9.618152877929997	-1.86593241474	-1.2009015477	0.232
5785414	-10.20567	-8.842056624529999	-1.49899529773	-0.46074015648000005	0.232
5283064	-10.5029	-8.3827566412	-1.8539493374400002	-0.26705564379	0.29000000000000004
6099609	-9.80247	-8.35580851023	-1.8076505422600002	-1.35884039724	0.17400000000000002
7105306	-9.88483	-9.155268150740001	-1.89842454462	-2.8756666391400003	0.406
5341691	-10.08394	-7.918316710689999	-2.1659105366	-0.0	0.29000000000000004
5180588	-10.03882	-10.24819451834	-2.0270523762700003	-2.4577272882	0.464
5884711	-10.37393	-9.49109322728	-1.7118946377600002	-1.5966533276100001	0.232
68465801	-9.85492	-7.6663555832500005	-2.08727812342	-1.5414458103900002	0.17400000000000002
7879892	-10.01676	-9.111580364329999	-1.8940602075700002	-1.9386191926800003	0.29000000000000004
7921625	-10.04189	-9.97427580413	-2.4876580909	-0.50979131298	0.29000000000000004
6624662	-10.09645	-9.20930672879	-1.94088363499	-1.3021760313	0.232
5108688	-10.14727	-7.713972985219999	-1.7055955439800004	-0.72615097107	0.406
5792344	-10.10481	-9.887050287570002	-2.06686551059	-1.1007549469800002	0.29000000000000004
7740727	-9.88534	-9.70269784421	-2.24807194325	-0.25059560301000006	0.232
7671991	-9.85191	-10.193468871579999	-1.9099457631900003	-2.9339405879400005	0.522
7808047	-9.88384	-9.14969168885	-2.0152821678	-2.18492649099	0.34800000000000003
54378684	-10.00953	-9.62043550508	-1.9151293120800001	-0.81560618199	0.232
6101588	-10.29291	-9.335803353729998	-1.3156117815500001	-1.4548220554500002	0.17400000000000002
6370076	-9.78604	-9.228223093290001	-1.67954629078	-0.59314890708	0.17400000000000002
39216210	-10.12978	-6.577004937169999	-0.47455265593	-4.264096338810001	0.116
7963144	-10.06106	-10.092100480389998	-1.7187443148400001	-1.1892526323300001	0.29000000000000004
6042365	-9.91078	-9.30013270122	-1.8806312354000003	-0.46333076247000005	0.17400000000000002
7178063	-10.01148	-8.23283355951	-1.9480026419900003	-0.4150374022800001	0.058
7394493	-9.8927	-9.662393516369999	-1.7290570556700002	-1.9768908435300003	0.34800000000000003
47566779	-10.46087	-8.06958854364	-1.67767220342	-1.3298737801500002	0.058
5244203	-12.33087	-8.59060167341	-1.8430860133100002	-1.9022390954100001	0.17400000000000002
18078003	-9.8805	-9.63191417925	-1.1822496349	-1.3779321647400002	0.232
5244178	-10.84101	-8.07440383053	-1.8852652530600003	-0.87625338435	0.116
5202340	-10.54183	-9.27205144709	-1.8834234291800003	-0.0	0.17400000000000002
6650830	-9.88999	-9.14699758179	-1.7826887787500003	-1.85353452792	0.29000000000000004
9221661	-9.92399	-8.11174143846	-1.3130128179600002	-2.24247788982	0.17400000000000002
5312191	-9.89575	-8.116201742740001	-1.7011130244000001	-2.9720477558700003	0.5800000000000001
7933457	-10.04377	-9.31631147599	-2.10884345428	-1.55492166105	0.29000000000000004
5786888	-10.01592	-7.968906847800001	-2.6036884363700006	-0.031198885290000002	0.058
5311140	-10.04541	-6.991397751500001	-1.1874121423900001	-1.8726967881	0.232
5812748	-11.50777	-7.74057314999	-1.7177248590100003	-2.04625564065	0.29000000000000004
9270586	-10.67907	-9.816605996640003	-1.7139840487800002	-1.02251394657	0.17400000000000002
5374249	-10.315	-7.51891760599	-2.2728250462100004	-0.52639821351	0.232
7937037	-9.88433	-8.79670460768	-1.58008709988	-2.39750891631	0.29000000000000004
5241013	-10.27749	-8.52419759279	-1.75231867406	-0.0	0.116
5682668	-11.62407	-9.68643730796	-1.7215491334600002	-0.21483819108000002	0.232
5328577	-10.27001	-7.879663693479999	-2.08257677328	-0.9072877867200001	0.232
5705710	-10.05254	-8.76498765817	-1.83492054735	-3.5684099542800003	0.406
5251494	-10.54606	-8.63946052058	-1.6267172971100001	-0.278446086	0.29000000000000004
5787908	-9.94121	-8.61093756917	-1.9103146890700002	-0.0	0.17400000000000002
7751846	-10.02267	-6.80350862407	-1.6055114235	-3.9533176102500005	0.232
20771882	-8.57747	-8.10472041651	-1.70109829542	-0.77564858121	0.232
7001123	-10.28293	-9.23711642675	-1.8610567716700002	-0.9881370162900001	0.17400000000000002
5374449	-11.82433	-8.25186669459	-2.0738144329400003	-1.49954966091	0.17400000000000002
15170074	-10.09395	-9.34605459983	-2.1521936479400003	-0.95260870557	0.232
5602286	-10.51091	-8.627252442720001	-1.8823489150200001	-0.0	0.232
7358733	-10.08844	-8.440272315900003	-2.10916714115	-1.31101698825	0.17400000000000002
5756448	-10.18276	-7.617273172159999	-1.60182146332	-0.96656625621	0.34800000000000003
7692002	-10.3867	-10.33026355759	-2.4886119677000003	-0.0	0.232
5326422	-9.94726	-7.16866475835	-1.2794549411700002	-1.50003723528	0.29000000000000004
6166150	-9.80743	-9.53153784169	-1.1744404699800002	-1.3920189519600001	0.232
5787445	-10.45795	-9.56494506308	-1.50626334798	-0.0	0.29000000000000004
5374455	-11.94571	-8.67132079861	-1.7751717386	-1.50236349372	0.232
5214239	-14.20106	-10.833921143059998	-1.9900167067500003	-1.38257293284	0.232
71849263	-10.10065	-6.93592309115	-0.94154092856	-3.40747516584	0.116
6990502	-9.96698	-9.02550917428	-1.67456403795	-2.18164858137	0.29000000000000004
7923564	-9.87255	-9.969116787809998	-2.17653188463	-0.03466477539	0.232
5532002	-10.23228	-8.88221566274	-2.50019210219	-1.24598161656	0.232
7475780	-10.09587	-10.264457905810001	-2.5714768584900005	-0.7987878034200001	0.34800000000000003
59426173	-10.09	-7.87065578276	-1.2019265001100001	-2.19320938089	0.116
5112993	-11.15767	-7.97223847418	-1.97266491624	-1.8652363128	0.058
22401879	-9.84949	-7.170175586179999	-1.41778671581	-2.4060620281500005	0.116
6061467	-10.13474	-9.090140628430001	-2.1872023292600002	-1.2226779114300002	0.232
5976967	-10.25454	-8.67525297793	-1.63767109926	-1.74008830824	0.17400000000000002
5224080	-9.99418	-9.21884413863	-1.9099976653100001	-1.78285974183	0.29000000000000004
5554235	-12.53299	-8.95595353275	-3.26554567337	-0.31113119196	0.232
5374457	-11.79019	-9.01561685957	-1.9593699076500002	-0.8156590515000001	0.34800000000000003
5791650	-10.28449	-8.34019856492	-1.9313971198000002	-0.61194108069	0.058
62068818	-10.62317	-10.97957035493	-1.52230215513	-1.2278884953600002	0.29000000000000004
5807269	-10.08825	-8.58169076604	-1.4131835588700001	-0.09483615216	0.17400000000000002
5622899	-11.18056	-9.03215965576	-2.14946773457	-0.0	0.6960000000000001
5634226	-10.08295	-11.170282970069998	-1.61141844586	-0.84523073076	0.34800000000000003
96955032	-9.87249	-7.539903311960001	-1.5660174170800003	-1.34330263569	0.058
7366816	-9.85969	-8.1070409282	-1.84395923141	-3.3694326162000006	0.34800000000000003
5728426	-11.62008	-9.688882361010002	-1.9312571944900003	-0.0	0.6960000000000001
9279615	-9.90334	-8.13143405919	-1.06521666672	-1.28175665166	0.058
5466988	-10.05976	-8.31536649846	-1.8854006194000001	-1.0316075022900002	0.116
5537748	-10.77914	-7.993345137609999	-1.2871725760000001	-1.4984922707100001	0.232
9134606	-10.40168	-9.92515057233	-1.9267248769300003	-1.5888697608600002	0.29000000000000004
5376798	-10.13135	-8.0650759189	-2.06728563721	-0.0	0.17400000000000002
40721802	-10.35425	-9.184325262129999	-1.51875106819	-2.0725670334600004	0.232
5675156	-10.00789	-8.067740632349999	-1.34256511357	-0.59817738492	0.058
5784356	-12.17446	-8.01579139036	-1.5931794096500003	-2.56320783504	0.232
5332638	-10.57779	-8.15917805989	-1.70553943358	-0.7118585802	0.34800000000000003
78824385	-9.99309	-10.37963332378	-1.65083424841	-1.4688677219400001	0.34800000000000003
5785317	-9.7596	-9.39035589599	-2.4660015806400004	-0.7556815296	0.29000000000000004
5486526	-11.50407	-7.93373296538	-1.1503596397500002	-2.4238438066800003	0.058
5105440	-9.88972	-7.715164248210001	-1.31477047624	-1.43625310866	0.116
7923753	-10.05662	-10.95802790506	-2.2110338189000003	-0.41593030956000004	0.34800000000000003
5829530	-12.54598	-10.079607951160002	-2.2083254400300003	-0.25617039912000006	0.406
5786717	-9.93227	-8.71036057914	-1.7062474766900002	-0.09782034228000001	0.058
6382813	-10.01583	-9.666094904500001	-2.10831741928	-0.0	0.17400000000000002
5807360	-12.50296	-10.76763085791	-2.09534960446	-0.36881770176	0.464
5551028	-9.88236	-9.05534959924	-1.9854016263500003	-0.0	0.116
48763671	-9.92091	-8.42973601089	-1.49588608019	-1.15728420195	0.116
55835295	-10.03995	-8.46576050088	-1.98597675795	-1.35079248294	0.17400000000000002
6431831	-10.51127	-8.61652052172	-1.19269984621	-1.93006608084	0.116
18459311	-9.9183	-9.202538596890001	-1.06970058906	-1.3853280217500001	0.17400000000000002
7700745	-10.24444	-10.13090604436	-2.5037340711900002	-0.0	0.232
5557159	-9.93256	-9.619391821879999	-2.0868015357100003	-1.7117619996600002	0.34800000000000003
5647483	-16.09192	-13.57291763772	-2.51873764146	-0.0	0.34800000000000003
6984300	-10.30848	-8.964017506049998	-1.6803150032600003	-2.6716138281000004	0.29000000000000004
5652953	-10.4141	-7.998439626970001	-1.8766137307600002	-0.53725996062	0.17400000000000002
9254306	-10.32985	-9.651642486230001	-1.70335077729	-0.7846598954700001	0.17400000000000002
18796497	-10.09212	-9.664649970860001	-1.24415974612	-2.72500028442	0.34800000000000003
5233445	-10.02287	-10.778062460079997	-1.5803017221600002	-2.35211750478	0.522
9240891	-10.01954	-9.01567509812	-1.76797277428	-0.9905161442400001	0.17400000000000002
7797603	-9.95396	-9.18732125439	-2.08223800674	-2.75825520621	0.406
9145396	-9.93821	-8.94409548124	-1.67884280664	-0.47498555223000005	0.116
5213611	-9.88954	-8.74142498352	-1.85899506516	-0.44055575244	0.116
7964103	-9.77266	-8.89205536128	-0.9258163396500001	-1.66772757222	0.17400000000000002
7917679	-10.6244	-9.956553445400003	-1.5613563962900001	-0.96678360864	0.17400000000000002
5374203	-10.04591	-6.7172848282	-2.1739977986900003	-1.15906414212	0.34800000000000003
7988955	-9.95996	-9.007768684950001	-1.9320862256500002	-1.9315346783400003	0.29000000000000004
7984773	-9.84226	-9.37547773607	-1.8979847793600002	-0.8715714955200001	0.232
5785818	-9.94418	-9.755368370629999	-1.69435242258	-0.5281076610000001	0.232
5395256	-11.46896	-8.54688573448	-1.30959674667	-1.61125706115	0.34800000000000003
5105374	-13.36684	-9.87049057415	-2.22366532201	-1.2780734091300001	0.29000000000000004
5856090	-9.8719	-8.38357939068	-1.91920783678	-1.8744238587600002	0.232
6250435	-9.93103	-8.24248700615	-2.2554974533100003	-0.5882849121600001	0.116
77157904	-10.02284	-8.776498718680001	-1.4473800421500003	-0.38444357916000005	0.17400000000000002
5326530	-10.24362	-7.553189064290001	-1.0484435147100002	-1.64220922206	0.058
5522865	-13.55767	-11.043766087569999	-2.3267825603	-0.18564834717	0.116
5667319	-9.82754	-10.39245225621	-1.8051546815300001	-1.65394625328	0.406
5804719	-10.84609	-10.65295830726	-1.85495932464	-1.5101059397400003	0.29000000000000004
5661443	-10.09779	-9.000470110270001	-1.5183312922600003	-0.17179066116	0.058
5811551	-9.8712	-9.215984462929999	-1.7476229349600003	-2.3659986883500004	0.34800000000000003
5378363	-11.58768	-8.937429868399999	-2.1639116036000003	-0.4890958370100001	0.058
5650222	-10.58504	-8.70173450188	-1.88507062011	-0.0	0.464
5337117	-10.06586	-7.59723408744	-1.1688655510500001	-1.29851041194	0.29000000000000004
5577478	-14.70279	-11.68130592628	-2.9241195004100002	-0.09588766796999999	0.5800000000000001
45814220	-9.88091	-9.60022266812	-1.71699402105	-0.8745968063700001	0.232
7103900	-9.95676	-9.52249084761	-1.9163577791500002	-1.42776461511	0.29000000000000004
5620007	-10.57335	-8.68349296465	-1.4492765736700002	-0.43827061473000006	0.34800000000000003
5754551	-11.62696	-9.77481011046	-1.2645541230700001	-0.5918271693300001	0.34800000000000003
7909621	-9.90042	-9.421658704749998	-1.64779131128	-1.14713913042	0.232
5930313	-9.8768	-9.24790238699	-1.37081319307	-0.9871794907200001	0.17400000000000002
5696312	-9.93204	-10.45765339342	-1.32891836291	-0.4627257003	0.232
5745605	-11.97014	-9.769918149890001	-1.45687286976	-0.74065483998	0.17400000000000002
6999323	-10.73271	-8.87335251026	-1.83226301853	-2.5354454679	0.232
42190582	-9.8732	-9.32276344449	-1.56070867186	-1.8749760514200002	0.29000000000000004
7971979	-10.71736	-9.341736693140001	-1.0046139278200001	-3.50528375934	0.29000000000000004
6948793	-10.14289	-9.15995931911	-1.9497325957600002	-1.4076272061900001	0.232
9273119	-9.95149	-8.47434409553	-1.9445711403400001	-1.28294915283	0.17400000000000002
5784591	-11.21625	-7.36772033105	-1.47027659225	-2.3744284380000003	0.0
6022826	-9.86632	-8.82290270711	-1.8161989617	-2.10934071486	0.29000000000000004
6646984	-9.90257	-10.53283220105	-2.2974796052800004	-1.12703696784	0.406
5379570	-12.38476	-9.722919227550001	-2.24865023106	-0.41066685612000003	0.29000000000000004
9242615	-9.9513	-8.97090495294	-2.2661493113700004	-1.04168208114	0.232
6380278	-10.22045	-9.45815655223	-1.89211878773	-0.6673072064400001	0.17400000000000002
5330920	-12.02453	-8.65742146513	-1.83446850794	-1.5309717730200003	0.34800000000000003
5428235	-9.96944	-9.30749401342	-2.4128485494100005	-0.0	0.17400000000000002
7979716	-9.77637	-9.267541345780002	-1.3096805615800002	-2.90973222675	0.406
5105552	-11.76901	-8.88108243509	-2.48148664828	-0.40612595265000007	0.464
5397906	-9.75171	-7.993752546189999	-2.0705014645100004	-1.1178200499300002	0.17400000000000002
5557588	-10.29617	-7.6914334069	-1.1830653398400002	-1.41956984106	0.17400000000000002
7970871	-10.0654	-9.04887374269	-2.2753121396900005	-0.50572036071	0.17400000000000002
5528373	-12.9693	-9.716623638629999	-2.66812176214	-0.587439	0.34800000000000003
7694550	-9.89567	-7.76193681276	-1.01559087551	-2.8545658302600003	0.17400000000000002
7888511	-9.9018	-9.57245912857	-1.9946219678300003	-1.8079433871300001	0.34800000000000003
72912131	-9.7946	-7.64943571929	-1.2797603921600003	-2.01273049692	0.116
6591064	-9.91325	-8.5044226719	-1.18791748668	-3.1175446473900004	0.34800000000000003
5706084	-10.81129	-8.84957193933	-1.1164423057100001	-0.84443768811	0.232
5786525	-10.35387	-7.97362615809	-2.19298555805	-0.7908103818000001	0.232
7951744	-10.2805	-9.60372069008	-1.98352403209	-2.30143914225	0.34800000000000003
5962660	-9.86682	-8.31648297704	-1.41127966286	-2.44295319735	0.232
9226660	-10.00953	-8.06732608061	-1.53964938667	-0.9794840398200001	0.058
14695272	-9.97043	-10.19858412989	-1.7317689414400002	-0.36938164320000005	0.232
5621955	-10.57327	-7.936866490560002	-1.2530230851800002	-1.3842647571600002	0.116
5630551	-10.67182	-9.437421417809999	-1.23510247549	-0.0	0.406
5838055	-9.89665	-9.47184999972	-1.59324323523	-1.1409122770200002	0.232
5479325	-10.61701	-10.02156525517	-2.4535573459900006	-0.0	0.17400000000000002
11655232	-9.94779	-8.585330920030001	-1.555590702	-0.96324135147	0.116
5233466	-10.1067	-10.992557071950001	-1.51473391424	-1.73721573153	0.464
7923522	-9.92323	-9.204192954	-1.4815740706	-1.55818782189	0.232
26577554	-10.27861	-9.40781288753	-2.15498128275	-1.1125800940500001	0.232
5282076	-10.67254	-7.779492107430002	-1.42825376024	-1.46349265509	0.17400000000000002
7684524	-9.86448	-8.52926429916	-2.3970562773300004	-0.6708435892200001	0.17400000000000002
7922272	-10.34956	-10.16371794262	-1.3342846212900001	-1.88018076096	0.29000000000000004
7112677	-9.97671	-8.94800680048	-2.0305631338600003	-0.7474691323800001	0.17400000000000002
5849363	-10.23499	-9.3594557916	-2.5382230299300006	-0.13159221039	0.17400000000000002
5790950	-9.96213	-8.04277808846	-1.9905956959400002	-1.09176713028	0.116
5308933	-10.70342	-8.328367218059999	-1.6142292262100002	-0.7616616586200001	0.17400000000000002
6130576	-9.9574	-9.42401013826	-1.6976306727000001	-0.0	0.116
5813104	-10.19478	-10.090767443869998	-2.48808523132	-0.0	0.232
6240152	-9.77622	-10.395920977379998	-2.23784161457	-0.0	0.29000000000000004
7922848	-9.88362	-9.84188815335	-1.7929734643800002	-0.5587073585100001	0.232
5784266	-11.35294	-8.305978969729999	-1.57162354742	-1.4751650680200001	0.058
5791986	-10.20332	-7.52138604732	-0.90862902275	-1.77106396671	0.058
6036639	-10.31829	-9.80351308668	-1.4771139951800003	-0.8460766429200001	0.17400000000000002
5313345	-10.46335	-6.771359019369999	-1.80071038716	-1.8865897204500002	0.0
5285944	-13.69479	-10.580857995999999	-2.5001475645600006	-0.61441419888	0.464
7651382	-9.9346	-9.218290957239999	-1.9676188378300001	-1.0750603651200001	0.232
7508320	-9.88828	-9.924731829849998	-1.84684505942	-1.00638287163	0.29000000000000004
5722957	-14.9272	-11.9533042349	-1.90129424089	-1.07164734453	0.5800000000000001
5140292	-10.38295	-9.43095485589	-1.1682542983800002	-1.00052023041	0.116
5353431	-10.25808	-6.98660873261	-2.0058829744200004	-1.26318183048	0.232
5492903	-10.16475	-7.84156398294	-2.1265708337800002	-0.49374835389000005	0.406
6982595	-10.07639	-9.86520923859	-1.7051501676800003	-0.8649393092100001	0.232
82906951	-9.85135	-8.5826403041	-1.2259670009900003	-1.7746238470500002	0.17400000000000002
5563355	-9.94771	-7.6423018575	-1.6944393937000002	-1.77361345197	0.116
5927435	-10.1989	-9.94652790144	-1.90947513721	-0.7264623137400001	0.232
5867718	-10.45329	-8.93461929875	-2.0092432860000002	-0.72792503685	0.116
5728662	-10.37107	-8.82069635024	-2.5454781046500004	-0.21352232772000004	0.116
5278089	-10.58144	-8.700496418	-1.5556243682400002	-0.32813167662	0.116
5771895	-10.60005	-8.79459793741	-0.8820870501	-0.9240474213900001	0.17400000000000002
69996813	-9.76916	-8.13681821242	-1.72312548501	-1.05099886368	0.116
7322594	-9.92946	-8.799261892989998	-1.3512408334800001	-0.9454243266000001	0.116
59348672	-9.87524	-9.65891910046	-1.37601006818	-2.30416485921	0.34800000000000003
16084221	-9.96775	-8.745996082399998	-1.9177174042800003	-2.21374624833	0.29000000000000004
7859954	-10.73446	-10.00195346515	-1.64986423987	-1.5915719802600001	0.232
13475425	-9.90211	-9.412951566739999	-1.37708984269	-2.01337667982	0.29000000000000004
25890647	-9.88394	-7.26390441197	-1.46970356479	-2.8800371853000004	0.17400000000000002
5533985	-10.51443	-8.61801949354	-1.8960801819700002	-0.0	0.522
5491210	-10.93548	-8.81098165289	-1.3523721594200002	-0.77545472634	0.406
7332638	-9.90814	-10.20890706618	-2.40089493007	-1.3514562890100001	0.406
5489375	-9.91623	-8.058824888670001	-1.14127220978	-0.7142788288799999	0.29000000000000004
6065756	-9.84592	-9.50662730528	-2.0126902180100004	-0.05077822716000001	0.17400000000000002
5676796	-12.08075	-10.133253535700002	-1.9482309411800003	-0.0	0.406
7248108	-10.01541	-9.10082805291	-1.8389078926500002	-2.8843431131700004	0.406
7684343	-10.13258	-10.29073029399	-1.6389700550200001	-0.57141953847	0.232
5669706	-11.58707	-9.72542060634	-1.6437331266000001	-0.21859192629000002	0.232
5182862	-11.00727	-8.03854815968	-1.8449074971700004	-1.7680151583000001	0.232
7985006	-9.91443	-10.739676751320001	-1.44319631045	-1.21023007902	0.34800000000000003
7867720	-9.7886	-10.18019288088	-1.8206821826600004	-0.6513582375900001	0.29000000000000004
5562958	-10.90778	-7.567481700750001	-1.53731063506	-1.8034318556100002	0.116
5790730	-10.31304	-8.582698429929998	-1.71040946561	-1.82237676336	0.17400000000000002
5191167	-10.0583	-8.41898540794	-2.14561470354	-0.66359459196	0.116
7767465	-10.84712	-10.57289326509	-1.8979574255400002	-1.54744356258	0.29000000000000004
34788210	-9.94454	-9.249521614829998	-1.33895791623	-1.6822020691800001	0.232
7295256	-9.76039	-8.750476976149997	-1.6800807423400002	-0.47455672176	0.116
5673083	-10.8209	-7.739473329629999	-0.9820298425100001	-2.09895479334	0.116
7037275	-10.56946	-8.6691747632	-1.39737375229	-1.42838730045	0.406
91144144	-10.02148	-10.315555769209999	-1.3456066479400002	-0.7028883866700001	0.232
5965215	-10.01821	-8.682701661189999	-1.80460795582	-1.28687911974	0.17400000000000002
14018250	-10.15357	-10.077219529889998	-1.98322278938	-1.06200159615	0.29000000000000004
5626129	-10.70672	-8.72316220201	-1.9819985305900003	-0.0	0.29000000000000004
5626347	-9.90856	-7.7183041579800005	-1.3929466417300003	-1.37652231114	0.29000000000000004
6111138	-10.09266	-9.46064455734	-1.4213876007300001	-0.9821392641000001	0.17400000000000002
96028574	-9.85557	-7.7943582861500005	-2.1167062747700003	-2.25386245764	0.232
5105501	-9.99919	-8.33555571856	-1.1395629467200001	-0.5211817551900001	0.116
54993587	-10.57851	-8.57938429814	-1.82236654673	-0.17625519756	0.116
19659118	-10.00316	-10.42196550237	-2.1741079153500005	-1.5047249985000002	0.406
5304187	-11.51565	-9.13609298742	-1.3627620520500001	-1.01733860898	0.406
49044628	-10.03956	-9.78039525134	-1.4994645209500002	-1.11381959034	0.232
5105250	-10.94988	-8.34903316041	-1.8596736503100002	-0.7409250619200001	0.464
5689317	-10.72141	-8.837201415349998	-1.39824451556	-0.48886673580000006	0.058
5805168	-11.235	-9.20166946316	-1.1937645410500002	-0.8389980029700002	0.34800000000000003
7911785	-9.87434	-9.232858939679998	-2.17045758314	-0.7729463618100001	0.232
71427219	-9.93062	-9.716138660310001	-1.6378909818900003	-1.47611084481	0.29000000000000004
5787624	-9.85236	-7.769237901330001	-1.8243724935300003	-1.12726606905	0.17400000000000002
64565946	-10.05086	-9.883154145949998	-1.55481427434	-2.13973480872	0.34800000000000003
5554888	-12.44758	-9.95863183474	-2.2342274034300003	-0.25734527712000005	0.464
5745240	-11.64293	-9.84090631871	-1.80365583247	-0.0	0.232
7750517	-10.09926	-10.326325673249999	-1.8355226820800001	-1.4790891605400003	0.34800000000000003
5758627	-10.51311	-8.64222089199	-1.6841091183700003	-0.18754577514	0.116
19560123	-10.44797	-9.54856449343	-1.43060338324	-1.91750076063	0.232
5278661	-10.1619	-7.881377376500001	-2.1159487843700004	-0.15866139951000002	0.464
5675691	-9.95434	-8.64903754609	-1.78799541983	-1.8444527209800001	0.232
7968936	-10.3024	-9.711267859139998	-2.1102749708600004	-1.4962306305600002	0.29000000000000004
5849366	-10.29166	-9.08261623936	-2.3633300693400003	-0.6490319791500001	0.17400000000000002
6629296	-10.64991	-10.216230909250001	-2.08850588911	-0.21423900330000004	0.17400000000000002
79510443	-9.8541	-8.32601761326	-1.2141757511200002	-3.1946988856500003	0.29000000000000004
5761776	-11.24967	-8.74198333818	-2.04697998483	-0.4656628953	0.17400000000000002
5572599	-9.76647	-7.877548173719999	-1.36579797538	-2.81088974061	0.232
6255176	-9.79847	-8.803833477040001	-2.7128193067800006	-0.0	0.17400000000000002
5575325	-10.6083	-8.702441644730001	-2.56289301936	-3.06618485562	0.34800000000000003
60377683	-10.2419	-10.61100157261	-1.67840795104	-0.9473276289600001	0.29000000000000004
5825243	-10.48323	-10.013151234319999	-1.8391295287300002	-1.07551269315	0.232
23921061	-10.11409	-9.549657848059999	-1.57154043389	-1.3567021192800002	0.232
64225875	-9.80115	-6.44326103605	-0.9951340757400001	-3.5106470774100003	0.116
15135227	-9.78174	-8.471912232920001	-0.9870366436400001	-2.03609294595	0.17400000000000002
88915884	-10.81266	-9.77242403158	-1.9718856830600002	-0.9624659319900001	0.232
52720789	-9.93003	-9.9171181176	-1.56128625829	-1.3534712047800002	0.29000000000000004
7484594	-9.86628	-8.18243463069	-1.1354486516400002	-3.4339745391300003	0.29000000000000004
5967902	-10.69724	-9.82966240056	-1.79272272103	-2.20145115006	0.29000000000000004
45891299	-10.15338	-8.427012759090001	-1.71951127387	-2.3814248364900004	0.232
6720847	-9.93009	-10.48942202423	-1.95643182683	-1.5491295125100002	0.406
5771011	-11.77068	-10.11554342006	-1.5642965812500003	-0.7840019637900001	0.058
7134288	-10.24885	-9.526215539879999	-1.66920233854	-0.84909607938	0.17400000000000002
5333650	-10.29717	-8.65334149667	-2.0805501357700003	-0.7701325290000001	0.464
5812346	-13.1744	-10.46678056536	-2.4148723814000004	-0.29226265128	0.34800000000000003
5481043	-11.45549	-8.87247892231	-2.24517910144	-0.33831199449000005	0.406
23125934	-10.03084	-9.12176288599	-1.5436384854200003	-2.8854181265400003	0.34800000000000003
9065378	-10.00014	-8.87459791277	-1.80157027904	-1.0780680528	0.17400000000000002
5641450	-10.06041	-8.676773808390001	-1.77709842946	-0.7859111405400001	0.116
5537420	-12.31081	-10.002166435500001	-1.8484343865000001	-0.45860187852000006	0.232
5836563	-10.30438	-8.369525871090001	-1.56173163459	-2.78041340529	0.232
5613416	-10.5701	-8.99875285537	-0.8355564488300001	-1.3563614046600003	0.17400000000000002
46533493	-10.2488	-12.67593665064	-1.53346531921	-0.83517964947	0.464
9206324	-9.91307	-8.72904425305	-0.82013660953	-2.10533438088	0.17400000000000002
7643797	-9.97705	-9.119405076659998	-2.0535796199400003	-1.72108465659	0.29000000000000004
9149913	-10.55995	-9.66123726471	-1.7353273928700002	-1.63397920167	0.232
6047575	-10.03849	-9.97551639737	-1.4660998743500002	-0.94821466185	0.232
5874239	-9.81237	-10.31580091503	-1.4752314912600002	-0.8897468581800001	0.29000000000000004
5341682	-10.62244	-8.68535876021	-1.9382748520800002	-0.0	0.17400000000000002
9238171	-9.86093	-8.919256714069999	-1.5516857688500003	-1.6953489540000002	0.232
38276989	-9.89052	-10.72135827805	-1.4700444354700002	-1.16757025884	0.34800000000000003
86742558	-9.92248	-7.62381978458	-1.97397334063	-1.19798785026	0.116
6203922	-9.94847	-11.887797566609999	-1.9057978018700004	-0.8104778395200001	0.464
49944400	-9.99636	-10.26666235191	-1.32884892629	-1.9070737183800002	0.34800000000000003
5332703	-13.69675	-10.16446344135	-2.7585064986000005	-0.77474979954	0.34800000000000003
9274473	-10.99498	-9.97207090902	-1.4424184800300002	-0.8639465373	0.116
64876083	-9.98905	-9.36664070249	-1.4002957013700001	-0.9731338242300002	0.17400000000000002
63162580	-9.83363	-8.30860947829	-1.6578235001100001	-1.01850761259	0.116
5628046	-10.33432	-8.23357406973	-2.10010075258	-0.0	0.522
5312706	-10.99599	-8.69260035622	-1.5836034685100002	-0.7226792065800001	0.29000000000000004
5535008	-10.19425	-8.12239179146	-1.1342356149300001	-1.2374989974	0.17400000000000002
5691449	-10.53544	-9.32097082546	-1.9677671797000003	-0.78457177962	0.17400000000000002
5637433	-9.75989	-8.49351936372	-1.28970701263	-1.68552697392	0.17400000000000002
