molecule_id	affinity	steric_sum	hydrophobic_value	hydrogen_value	wnrot
parp1_round2_gen13097	-15.24997	-13.34658863136	-4.58134577545	-0.0	0.17400000000000002
parp1_round2_gen348750	-15.64648	-13.107460978149998	-4.36416030224	-0.0	0.5800000000000001
parp1_round2_gen796337	-16.18	-13.416137485019998	-4.1839656102300005	-0.0	0.17400000000000002
parp1_round2_gen3082	-15.47102	-13.785431003779998	-3.9771300509900005	-0.42687429813000005	0.17400000000000002
parp1_round2_gen797414	-14.88651	-13.15265692432	-4.3490048832	-0.0	0.17400000000000002
parp1_round2_gen1044	-15.71504	-13.50325624244	-4.968710935650001	-0.0	0.17400000000000002
parp1_round2_gen7593	-15.01811	-13.229562086680001	-4.42595643921	-0.0	0.17400000000000002
parp1_round2_gen5843	-15.04195	-14.56254794222	-4.876429316980001	-0.0	0.29000000000000004
parp1_round2_gen135024	-15.04393	-12.33448510035	-2.49964327234	-0.20792403405	0.6960000000000001
parp1_round2_gen790131	-14.96768	-14.00318644947	-4.467430792060001	-0.0	0.232
parp1_round2_gen797104	-15.66821	-13.52657906209	-4.49949753497	-0.39104639352000004	0.17400000000000002
parp1_round2_gen429278	-15.62451	-12.57522056193	-3.8329059829700003	-0.13394784078000002	0.522
parp1_round2_gen147230	-15.49424	-13.99596442008	-4.21494135655	-0.0	0.17400000000000002
parp1_round2_gen796461	-14.99683	-12.957753826109998	-4.668636724730001	-0.0	0.17400000000000002
parp1_round2_gen84913	-15.42044	-13.582419528660001	-4.543575410380001	-0.0	0.17400000000000002
parp1_round2_gen5819	-15.27853	-13.322257177450002	-4.633601741660001	-0.0	0.17400000000000002
parp1_round2_gen794919	-14.95443	-13.174447785399998	-4.40310618019	-0.0	0.17400000000000002
parp1_round2_gen798411	-15.06028	-12.825420978650001	-4.38897407457	-0.49121649180000004	0.17400000000000002
parp1_round2_gen27762	-15.55065	-12.989018092919999	-4.857638294710001	-0.43140345282000003	0.17400000000000002
parp1_round2_gen796021	-15.87078	-13.34295954254	-5.3124299198300005	-0.0	0.17400000000000002
parp1_round2_gen2557	-16.04557	-13.08221709869	-4.303831452230001	-0.5383467227700001	0.116
parp1_round2_gen799230	-16.84458	-13.45995484591	-3.87841782979	-0.0	0.17400000000000002
parp1_round2_gen61362	-15.05914	-11.28305861698	-3.7808481566100003	-0.0	0.17400000000000002
parp1_round2_gen795984	-14.95724	-12.741085008750002	-4.840009459100001	-0.0	0.17400000000000002
parp1_round2_gen2670	-15.51531	-13.17837146396	-4.04031211484	-0.11364007455000001	0.116
parp1_round2_gen795868	-15.15194	-13.314488378159998	-4.490195482720001	-0.0	0.17400000000000002
parp1_round2_gen2773	-15.20228	-13.38951721945	-4.481746659240001	-0.0	0.17400000000000002
parp1_round2_gen4359	-16.30478	-14.18932515052	-4.97345577135	-0.0	0.17400000000000002
parp1_round2_gen156824	-15.50092	-14.085262498689998	-5.04059677461	-0.0	0.232
parp1_round2_gen673946	-15.36177	-12.72571068242	-2.6348409304500002	-0.0	0.17400000000000002
parp1_round2_gen807	-15.00683	-13.10943182277	-4.375473561640001	-0.15578294841	0.17400000000000002
parp1_round2_gen786418	-15.74272	-14.32043919136	-2.3331230355000003	-0.0077483204100000005	0.5800000000000001
parp1_round2_gen3731	-14.92327	-12.96421506916	-4.57674507334	-0.0	0.17400000000000002
parp1_round2_gen74974	-15.36229	-14.33318237532	-2.40130383461	-0.42451866774	0.638
parp1_round2_gen254	-15.23587	-13.303571332270003	-4.24016052652	-0.36598624578000005	0.17400000000000002
parp1_round2_gen929	-14.88765	-13.0656811554	-4.432707923090001	-0.0	0.17400000000000002
parp1_round2_gen795179	-15.35271	-13.48623083755	-4.56057721227	-0.0	0.17400000000000002
parp1_round2_gen2809	-14.98368	-12.892874143450001	-4.7169523381000005	-0.0	0.17400000000000002
parp1_round2_gen296392	-15.06348	-13.27318749988	-4.43013841746	-0.0	0.17400000000000002
parp1_round2_gen794907	-14.94802	-12.77277197503	-4.79587617467	-0.0	0.17400000000000002
parp1_round2_gen1501	-15.51234	-12.731677779550001	-4.13957597141	-0.0	0.17400000000000002
parp1_round2_gen2077	-15.01722	-13.077598121660001	-4.575107351040001	-0.0	0.17400000000000002
parp1_round2_gen788818	-15.18132	-14.193470287380002	-3.6561708478100003	-0.0	0.17400000000000002
parp1_round2_gen2144	-16.59977	-14.515134440939999	-4.992889257700001	-0.0	0.17400000000000002
parp1_round2_gen136800	-15.10115	-12.87668333339	-3.9878166273600004	-0.0	0.116
parp1_round2_gen41382	-17.85192	-14.51438760424	-4.383794383270001	-0.0	0.87
parp1_round2_gen19487	-14.86722	-13.05108485014	-4.12770827112	-0.29020074039000004	0.17400000000000002
parp1_round2_gen17289	-15.04607	-11.987936397280002	-3.9773702736400005	-1.27995908832	0.17400000000000002
parp1_round2_gen798064	-15.10778	-12.36008333335	-4.075021306900001	-0.0	0.116
parp1_round2_gen799125	-15.30598	-13.54670155432	-4.4410203281600005	-0.0	0.17400000000000002
parp1_round2_gen4238	-16.87092	-14.913390642780001	-4.91868956612	-0.0	0.17400000000000002
parp1_round2_gen798157	-15.17076	-13.279944836999999	-4.55483922249	-0.0	0.17400000000000002
parp1_round2_gen93	-15.05976	-13.06174291182	-4.636975028770001	-0.0	0.17400000000000002
parp1_round2_gen1598	-14.88003	-12.747042806509999	-4.44129035946	-0.29847775590000003	0.17400000000000002
parp1_round2_gen78	-14.9504	-13.26432296413	-4.311568725700001	-0.0	0.17400000000000002
parp1_round2_gen798427	-15.56989	-13.347381956849999	-4.953671595	-0.0	0.17400000000000002
parp1_round2_gen4907	-15.05759	-11.89514956148	-3.7333531578400003	-0.31329296748	0.058
parp1_round2_gen788800	-15.80168	-13.97926707891	-4.59273899217	-0.0	0.17400000000000002
parp1_round2_gen4225	-15.16217	-13.30157472352	-4.18321653639	-0.33180904476	0.17400000000000002
parp1_round2_gen8583	-14.85049	-14.18690780634	-4.6038965452100005	-0.3946591433700001	0.29000000000000004
parp1_round2_gen782671	-15.56064	-13.64848033275	-3.5661129544300003	-1.06638389109	0.17400000000000002
parp1_round2_gen4124	-15.49159	-13.62324594295	-4.587229301580001	-0.0	0.17400000000000002
parp1_round2_gen14604	-15.32083	-13.54643517971	-3.5638415353000004	-0.0	0.116
parp1_round2_gen411916	-15.24084	-13.650133402149999	-2.93013102839	-0.0	0.522
parp1_round2_gen786195	-15.44898	-13.692602791770002	-4.46373136325	-0.0	0.17400000000000002
parp1_round2_gen796300	-14.96929	-12.76472692442	-4.253128692030001	-0.58026049542	0.17400000000000002
parp1_round2_gen789909	-15.09915	-12.994089413809998	-4.762828902520001	-0.0	0.17400000000000002
parp1_round2_gen3058	-16.92086	-13.785039664669998	-5.11249629048	-0.0	0.116
parp1_round2_gen4293	-15.18034	-12.97887679472	-4.865557225600001	-0.0	0.17400000000000002
parp1_round2_gen3447	-15.1639	-13.331317937509999	-4.48904557021	-0.0	0.17400000000000002
parp1_round2_gen3720	-14.99802	-13.42344446963	-4.20279380564	-0.0	0.17400000000000002
parp1_round2_gen13342	-14.9595	-11.35716694237	-3.9104456461100003	-1.0061126496900001	0.116
parp1_round2_gen798610	-14.96025	-11.59120381116	-4.685421449510001	-0.43157968452	0.116
parp1_round2_gen6647	-14.93139	-13.980878241180001	-4.17464812762	-0.26662681332000004	0.232
parp1_round2_gen798935	-14.90509	-13.23512878286	-4.27672030971	-0.0	0.17400000000000002
parp1_round2_gen4349	-15.22373	-14.655421883939999	-5.02004774337	-0.0	0.29000000000000004
parp1_round2_gen799723	-14.91205	-12.982893824280001	-4.54126681811	-0.0	0.17400000000000002
parp1_round2_gen28242	-15.25021	-12.219559682799998	-3.81219282881	-0.11416289526000002	0.058
parp1_round2_gen32482	-15.16063	-14.09273317332	-3.7335656759800004	-0.0	0.17400000000000002
parp1_round2_gen377654	-16.25354	-13.78104464278	-3.4266687911100004	-0.0	0.34800000000000003
parp1_round2_gen136119	-14.94247	-14.367154386480001	-4.06469559054	-0.0	0.464
parp1_round2_gen13525	-14.86091	-12.45384156605	-4.62050031395	-0.39089365938000004	0.17400000000000002
parp1_round2_gen790202	-15.36894	-14.43758117953	-4.5321113542800004	-0.0	0.232
parp1_round2_gen395377	-14.86141	-13.2156816451	-4.24834598181	-0.0	0.17400000000000002
parp1_round2_gen795739	-14.85906	-13.09298957261	-4.372266150900001	-0.0	0.17400000000000002
parp1_round2_gen787117	-15.04336	-13.69561657723	-3.5172551743200007	-0.47044464876000003	0.34800000000000003
parp1_round2_gen2730	-15.06147	-13.490925408830002	-4.216798260100001	-0.0	0.17400000000000002
parp1_round2_gen788375	-14.96023	-13.375394979609998	-3.0396935981900004	-1.16623677231	0.17400000000000002
parp1_round2_gen786028	-15.06909	-11.53662232684	-3.9808357922200006	-0.0	0.058
parp1_round2_gen784445	-14.92439	-14.15236937448	-4.263044451780001	-0.0	0.232
parp1_round2_gen120199	-15.30133	-15.00698870989	-2.31020754814	-0.6670369845	0.5800000000000001
parp1_round2_gen781231	-14.93013	-13.19790555425	-4.092196349650001	-1.14094164897	0.232
parp1_round2_gen604856	-15.09864	-14.091992618979999	-4.6414028407100005	-0.33761881647	0.29000000000000004
parp1_round2_gen517822	-17.49315	-13.51670698725	-3.16323467139	-0.8120345528700001	0.754
parp1_round2_gen4420	-15.04684	-13.88785233654	-3.7980877263200004	-0.0	0.17400000000000002
parp1_round2_gen3078	-15.12813	-12.924462734959999	-4.5401425059700005	-0.32184607932000003	0.17400000000000002
parp1_round2_gen9216	-14.86147	-13.315984831589999	-3.7311374984200003	-0.42092941545000007	0.17400000000000002
parp1_round2_gen3837	-16.17768	-13.701950010180001	-4.76753656508	-0.54906161013	0.17400000000000002
parp1_round2_gen197140	-15.60291	-13.271843079149999	-3.9885593887800006	-1.0826794489500002	0.17400000000000002
parp1_round2_gen14136	-15.2475	-12.904504256010002	-4.12312966248	-0.0	0.116
parp1_round2_gen3742	-15.24593	-13.60452673119	-4.31352732935	-0.0	0.17400000000000002
parp1_round2_gen7751	-15.14795	-14.561811940229997	-3.2456219224000002	-0.0	0.17400000000000002
parp1_round2_gen5254	-14.96521	-12.98565029133	-4.60111627489	-0.0	0.17400000000000002
parp1_round2_gen785482	-16.02377	-14.06921807058	-4.764974774630001	-0.0	0.17400000000000002
parp1_round2_gen13436	-15.34381	-12.81934217054	-4.31670808765	-0.0	0.116
parp1_round2_gen2340	-15.4259	-12.92268965465	-4.6879650040800005	-0.5196661625700001	0.17400000000000002
parp1_round2_gen3121	-15.35931	-13.675391380950002	-4.377322399320001	-0.0	0.17400000000000002
parp1_round2_gen5065	-15.16148	-11.78100772012	-4.2731124109900005	-0.0	0.116
parp1_round2_gen12456	-15.22071	-13.60883203516	-5.17217671468	-0.0	0.232
parp1_round2_gen359332	-15.52736	-12.927573919339999	-3.5059475259600004	-0.0	0.754
parp1_round2_gen94302	-15.36794	-13.543790247890001	-4.52275143818	-0.0	0.17400000000000002
parp1_round2_gen11901	-14.92452	-13.115937851040002	-4.42216127203	-0.0	0.17400000000000002
parp1_round2_gen888	-14.9101	-12.5671700299	-4.44914827029	-0.5197777759800001	0.17400000000000002
parp1_round2_gen797304	-14.91401	-13.003687116719998	-4.52355557035	-0.0	0.17400000000000002
parp1_round2_gen2381	-15.01321	-12.19173374237	-4.581361907190001	-0.0	0.116
parp1_round2_gen8040	-15.12472	-12.328585146680002	-5.449211644670001	-0.0	0.17400000000000002
parp1_round2_gen799935	-15.21639	-13.254750989100001	-4.6287239944500005	-0.0	0.17400000000000002
parp1_round2_gen4175	-15.08004	-13.69684527803	-4.025576822420001	-0.0	0.17400000000000002
parp1_round2_gen158336	-15.17459	-13.23150351656	-4.596680397080001	-0.0	0.17400000000000002
parp1_round2_gen794983	-15.08551	-13.50725518363	-4.22535334265	-0.0	0.17400000000000002
parp1_round2_gen402143	-15.33545	-13.9153853437	-5.0043010609900005	-0.0	0.232
parp1_round2_gen786864	-15.15089	-14.17345676049	-3.4294960538900003	-0.20847035232	0.17400000000000002
parp1_round2_gen797580	-14.99254	-13.0810189018	-4.539499340510001	-0.0	0.17400000000000002
parp1_round2_gen1725	-15.96125	-13.684943983190001	-5.073620199840001	-0.0	0.17400000000000002
parp1_round2_gen790544	-15.25375	-13.47015646632	-4.463910916530001	-0.0	0.17400000000000002
parp1_round2_gen799328	-14.88084	-12.955479877879998	-4.53606187713	-0.0	0.17400000000000002
parp1_round2_gen796263	-15.36952	-13.403893948929998	-4.268087023290001	-0.39473551044000005	0.17400000000000002
parp1_round2_gen797015	-14.90898	-13.05415763428	-4.4673603033700005	-0.0	0.17400000000000002
parp1_round2_gen567161	-15.15358	-12.203036156500001	-2.4294831788700004	-0.51934307112	0.232
parp1_round2_gen464461	-15.54626	-12.846578486999999	-3.44140303146	-0.16607487969	0.6960000000000001
parp1_round2_gen93577	-15.12943	-13.63664175191	-4.14592942214	-0.0	0.17400000000000002
parp1_round2_gen8476	-15.65096	-13.79560037825	-4.59811612194	-0.0	0.17400000000000002
parp1_round2_gen372290	-15.08048	-13.417574308039999	-4.847426903290001	-0.33959848589999997	0.232
parp1_round2_gen645995	-15.01256	-13.563909565700001	-4.08052398369	-0.0	0.17400000000000002
parp1_round2_gen3895	-15.35299	-13.98647728424	-4.05767442605	-0.0	0.17400000000000002
parp1_round2_gen241735	-14.93088	-13.954042273699999	-4.467196531140001	-0.0	0.232
parp1_round2_gen340	-15.5766	-13.59500850025	-4.71397533069	-0.0	0.17400000000000002
parp1_round2_gen9078	-15.04881	-12.33743168674	-3.5958458553900003	-0.0	0.058
parp1_round2_gen788995	-15.42491	-14.20318835849	-4.4849112858	-0.34238294676000003	0.232
parp1_round2_gen796624	-15.12079	-12.724517697989999	-4.6534879688	-0.39544043724	0.17400000000000002
parp1_round2_gen71007	-15.56186	-13.937160668179999	-3.52987405259	-0.82236173049	0.17400000000000002
parp1_round2_gen8582	-15.44892	-13.08743547972	-4.16583844413	-0.0	0.116
parp1_round2_gen6439	-14.97355	-13.30107942465	-3.9942510874800004	-0.30177328869000003	0.17400000000000002
parp1_round2_gen799380	-15.452	-12.552172952140001	-3.8090850140300003	-0.0	0.116
parp1_round2_gen795261	-14.91581	-12.995440423519998	-4.535278084980001	-0.0	0.17400000000000002
parp1_round2_gen17363	-14.89655	-11.370489957349998	-3.5874243857300003	-0.80778149451	0.058
parp1_round2_gen374500	-15.63726	-13.31664011794	-3.7203920061300004	-0.42982911630000004	0.406
parp1_round2_gen2251	-14.92353	-12.88082272842	-4.65712392272	-0.0	0.17400000000000002
parp1_round2_gen436578	-15.07091	-11.032173890839998	-4.036057894450001	-0.0	0.058
parp1_round2_gen129577	-14.89233	-12.27369796183	-3.4946900262700002	-0.0	0.638
parp1_round2_gen3361	-15.23715	-13.087816744809999	-4.374715019170001	-0.0	0.232
parp1_round2_gen832	-15.15904	-13.613282687999998	-3.8056058185400006	-0.39462389703	0.17400000000000002
parp1_round2_gen4414	-15.5285	-13.82078025809	-4.434275507390001	-0.0	0.17400000000000002
parp1_round2_gen787267	-14.98524	-12.95420553121	-4.651611426610001	-0.0	0.17400000000000002
parp1_round2_gen829	-15.28354	-13.34750829923	-4.613775833200001	-0.0	0.17400000000000002
parp1_round2_gen795119	-15.57274	-12.86537085676	-4.525456660840001	-0.0	0.116
parp1_round2_gen41084	-15.13246	-14.241460173530001	-3.9531793267500004	-0.47695934727000006	0.232
parp1_round2_gen5421	-15.09815	-14.146770019940002	-4.30418845465	-0.17565600978	0.232
parp1_round2_gen104122	-15.19103	-11.77273409219	-4.11050727731	-0.19720914669000003	0.116
parp1_round2_gen799736	-15.12975	-13.1927735171	-4.5861986236700005	-0.0	0.17400000000000002
parp1_round2_gen4388	-15.74243	-12.47823700083	-4.98824471934	-0.110438532	0.116
parp1_round2_gen786806	-15.54881	-14.950486102379998	-4.39166000928	-0.7444203239700001	0.29000000000000004
parp1_round2_gen115493	-15.31405	-12.62813093526	-3.37953430166	-0.20093938434	0.6960000000000001
parp1_round2_gen5651	-15.17793	-12.184446592570001	-4.19833162608	-0.5698569507300001	0.116
parp1_round2_gen799924	-15.0254	-13.244380605309997	-4.4224495392100005	-0.0	0.17400000000000002
parp1_round2_gen785976	-15.76349	-13.7795610372	-4.749727825500001	-0.0	0.17400000000000002
parp1_round2_gen830	-15.37915	-13.05167828148	-4.23206800408	-0.7875735929100001	0.17400000000000002
parp1_round2_gen1809	-15.49845	-14.226291202659997	-4.6995546072000005	-0.19676856744000001	0.232
parp1_round2_gen4005	-15.05199	-13.701034125029999	-3.99522460292	-0.0	0.17400000000000002
parp1_round2_gen3575	-15.40697	-14.152866078650002	-4.86288075952	-0.0	0.232
parp1_round2_gen796228	-14.96967	-12.62968879088	-4.4559509549100005	-0.50362320348	0.17400000000000002
parp1_round2_gen295734	-16.60196	-13.68996133009	-2.5323331913800002	-0.38376214992	0.29000000000000004
parp1_round2_gen3556	-15.07293	-13.418478074709999	-4.083425943440001	-0.21559598739000002	0.17400000000000002
parp1_round2_gen11389	-15.1575	-14.39817875991	-4.3022694789700004	-0.0	0.232
parp1_round2_gen5793	-15.09203	-13.74921327394	-3.9886747657900004	-0.0	0.17400000000000002
parp1_round2_gen8650	-14.94178	-11.56920304526	-4.244613588140001	-0.0	0.058
parp1_round2_gen4471	-14.92165	-13.35448575565	-4.18154549854	-0.0	0.17400000000000002
parp1_round2_gen326127	-15.13563	-12.32158232828	-2.14174624215	-0.66634380648	0.17400000000000002
parp1_round2_gen790652	-15.47634	-14.075046935400001	-5.023396482180001	-0.0	0.232
parp1_round2_gen797215	-15.13932	-13.875758960430002	-3.9219286394700004	-0.0	0.17400000000000002
parp1_round2_gen82358	-15.34651	-13.539428873959999	-4.496444778520001	-0.0	0.17400000000000002
parp1_round2_gen2101	-14.99036	-13.420473868899998	-4.20140928152	-0.0	0.17400000000000002
parp1_round2_gen796127	-14.97419	-12.53425437644	-4.1916478253700005	-0.0	0.116
parp1_round2_gen1432	-14.97948	-12.9490711041	-4.66705581421	-0.0	0.17400000000000002
parp1_round2_gen799114	-14.91293	-12.77472784172	-4.37880441526	-0.3714846748200001	0.17400000000000002
parp1_round2_gen790417	-14.92475	-14.07333552619	-4.34088325349	-0.0	0.232
parp1_round2_gen12674	-15.27275	-13.69878427674	-5.14080994901	-0.0	0.232
parp1_round2_gen790088	-16.75806	-14.50921303161	-5.19707605537	-0.0	0.17400000000000002
parp1_round2_gen7913	-14.97207	-12.1803318503	-4.5406716971800005	-0.0	0.116
parp1_round2_gen798397	-15.14855	-12.872274291380002	-4.36406772008	-0.5683648556700001	0.17400000000000002
parp1_round2_gen4584	-15.51276	-13.924695451399998	-4.29482853855	-0.01412203356	0.17400000000000002
parp1_round2_gen788096	-14.87859	-14.34904735363	-3.7690151746300002	-0.24341709843000003	0.232
parp1_round2_gen391463	-16.13311	-12.92394003208	-3.0486372452600006	-0.15954843240000002	0.638
parp1_round2_gen7786	-14.9827	-12.27036566794	-4.349382576330001	-0.11494418913000001	0.116
parp1_round2_gen797299	-15.62414	-13.67706659021	-4.68142814248	-0.0	0.17400000000000002
parp1_round2_gen795655	-16.82213	-14.545296055499998	-5.231298139020001	-0.0	0.17400000000000002
parp1_round2_gen211715	-14.918	-11.45402824457	-3.3147934207600005	-0.15050774619	0.34800000000000003
parp1_round2_gen785836	-14.92841	-13.30346579441	-4.239183504180001	-0.0	0.17400000000000002
parp1_round2_gen126795	-15.48625	-13.75126805954	-3.3020980920700005	-1.5990207067800002	0.232
parp1_round2_gen798593	-15.92453	-13.051243536009999	-5.149448145090001	-0.51963679062	0.17400000000000002
parp1_round2_gen794792	-15.18836	-12.96166502699	-4.889096590470001	-0.0	0.17400000000000002
parp1_round2_gen3087	-14.96688	-12.645013603080002	-4.21465273868	-0.7302219233400001	0.17400000000000002
parp1_round2_gen170947	-15.76779	-12.35239837305	-4.26053351138	-0.9873146016900001	0.116
parp1_round2_gen8139	-14.94953	-12.45806054022	-4.23576813427	-0.0	0.116
parp1_round2_gen4946	-15.11656	-12.773246467009999	-4.1131693651	-0.0	0.116
parp1_round2_gen6629	-14.974	-13.60486037479	-4.001658010970001	-0.0	0.17400000000000002
parp1_round2_gen148148	-15.23287	-12.467320299619999	-3.6547544109000003	-0.0	0.406
parp1_round2_gen119366	-15.45615	-11.666438168899997	-3.4346995921100003	-0.81441368082	0.638
parp1_round2_gen1591	-15.09899	-13.23535576312	-4.50413891712	-0.0	0.17400000000000002
parp1_round2_gen3394	-15.05431	-12.932799202620002	-4.302330849720001	-0.9000740358000001	0.232
parp1_round2_gen797526	-16.05661	-12.75654996664	-3.50957050435	-0.7312440672	0.17400000000000002
parp1_round2_gen3203	-15.03421	-12.616198568409999	-3.73390724804	-0.0	0.17400000000000002
parp1_round2_gen4984	-15.17848	-13.530510716670001	-4.306555261460001	-0.0	0.17400000000000002
parp1_round2_gen3852	-15.16898	-13.385652592309999	-4.44437748353	-0.0	0.17400000000000002
parp1_round2_gen785534	-16.23312	-13.83323107427	-5.253966740620001	-0.0	0.17400000000000002
parp1_round2_gen2468	-15.03799	-13.12632212283	-4.44184164414	-0.11192475267000002	0.17400000000000002
parp1_round2_gen2073	-15.34234	-11.414048444509998	-4.3772196471500004	-0.0	0.17400000000000002
parp1_round2_gen9520	-15.40762	-13.467626414630002	-4.64413576788	-0.0	0.17400000000000002
parp1_round2_gen3621	-14.92898	-12.45718792838	-4.5947964904	-0.9294107394600001	0.232
parp1_round2_gen647501	-15.09687	-12.50547774057	-2.5847627491400003	-0.0	0.464
parp1_round2_gen65549	-16.27059	-13.71289726429	-3.5084255015	-0.0	0.522
parp1_round2_gen544686	-15.38708	-13.705156788980002	-5.27472443241	-0.0	0.29000000000000004
parp1_round2_gen33523	-15.08689	-13.568307454209998	-4.16575252508	-0.0	0.17400000000000002
parp1_round2_gen795084	-14.99443	-12.87778325359	-4.51860663307	-0.22817893077	0.17400000000000002
parp1_round2_gen668456	-15.01624	-14.062236929520001	-3.6505156208700003	-0.8164168478100001	0.232
parp1_round2_gen27100	-16.0839	-13.92900881498	-4.980329295350001	-0.0	0.17400000000000002
parp1_round2_gen4335	-14.98135	-13.36328963969	-4.2456842447100005	-0.0	0.17400000000000002
parp1_round2_gen7123	-14.99125	-13.349350550579999	-4.18072137704	-0.52477688187	0.232
parp1_round2_gen780705	-14.95491	-13.281652479719998	-4.07782226793	-0.21914999334000002	0.17400000000000002
parp1_round2_gen21530	-17.06167	-13.29665644492	-3.6136447756500005	-0.15151226688	0.638
parp1_round2_gen9668	-15.63476	-11.56881962039	-4.81248450238	-0.16622173944000002	0.058
parp1_round2_gen9196	-15.27036	-13.145321715629999	-3.98011582565	-1.7206675749000002	0.232
parp1_round2_gen794786	-15.28876	-13.38343715806	-4.58459737313	-0.0	0.17400000000000002
parp1_round2_gen1352	-15.8128	-13.68557434859	-4.901013387360001	-0.0	0.17400000000000002
parp1_round2_gen1120	-14.95121	-12.80668159607	-4.1156634723800005	-1.08632744514	0.232
parp1_round2_gen461012	-15.27833	-13.37074940462	-4.58171259719	-0.0	0.17400000000000002
parp1_round2_gen60283	-15.3993	-13.45585756617	-4.64349575863	-0.0	0.17400000000000002
parp1_round2_gen307	-15.11027	-13.48782265338	-4.27295354842	-0.0	0.17400000000000002
parp1_round2_gen187866	-15.91814	-14.19902410198	-3.25963303997	-0.7815699663300001	0.638
parp1_round2_gen466682	-15.12971	-14.273414151060003	-4.28060595491	-0.11710596465	0.232
parp1_round2_gen798936	-14.89928	-13.109539268640003	-4.403072513950001	-0.0	0.17400000000000002
parp1_round2_gen799872	-15.01653	-13.21579135479	-4.43651746856	-0.0	0.17400000000000002
parp1_round2_gen2723	-14.93333	-12.64117475152	-4.3100432242	-0.60043902507	0.17400000000000002
parp1_round2_gen2248	-15.29053	-12.566313376770001	-4.5123727676300005	-0.0	0.116
parp1_round2_gen796800	-15.25382	-13.0829135376	-4.49797624175	-0.3559292901	0.17400000000000002
parp1_round2_gen1446	-15.63887	-13.5424222617	-4.7587935126900005	-0.07731284679000001	0.17400000000000002
parp1_round2_gen1556	-15.66679	-13.584093084249998	-4.82257420437	-0.0	0.17400000000000002
parp1_round2_gen790330	-14.86725	-13.77998841763	-3.6970584962900004	-0.0	0.17400000000000002
parp1_round2_gen3017	-15.46717	-13.710822569570002	-4.46628087955	-0.0	0.17400000000000002
parp1_round2_gen319533	-14.98512	-13.61547319745	-4.0020869048400005	-0.0	0.17400000000000002
parp1_round2_gen991	-15.33157	-13.34171910406	-4.6884422931700005	-0.0	0.17400000000000002
parp1_round2_gen5364	-15.45502	-13.363791655029999	-3.98677613013	-0.81582940881	0.17400000000000002
parp1_round2_gen119335	-15.91095	-13.24571884054	-4.37865537201	-1.0739971005300002	0.17400000000000002
parp1_round2_gen154	-15.29614	-12.65107898668	-4.61937775526	-0.7100727656400001	0.17400000000000002
parp1_round2_gen788472	-15.09154	-13.20492590077	-4.527716857890001	-0.0	0.17400000000000002
parp1_round2_gen279996	-14.97236	-13.2362972095	-4.36637701373	-0.0	0.17400000000000002
parp1_round2_gen1867	-15.27399	-12.66351345949	-4.4031745647400005	-0.0	0.116
parp1_round2_gen1302	-15.30019	-13.04238557303	-4.451861909510001	-0.93811658544	0.232
parp1_round2_gen6091	-15.1966	-13.53438128185	-4.3277741106	-0.0	0.17400000000000002
parp1_round2_gen787123	-15.71479	-13.896753673519997	-4.0262206892600005	-0.54517863834	0.17400000000000002
parp1_round2_gen154778	-15.52376	-13.819999360909998	-4.13964155044	-0.28624727592000004	0.17400000000000002
parp1_round2_gen1703	-15.64419	-13.66124223698	-4.197845920430001	-0.52407782946	0.17400000000000002
parp1_round2_gen799937	-15.03086	-13.144104643999999	-4.5248236653900005	-0.0	0.17400000000000002
parp1_round2_gen788793	-16.16193	-14.49827810286	-4.17342106331	-0.32847239124	0.17400000000000002
parp1_round2_gen799109	-15.20461	-13.554624885740001	-4.3169858341300005	-0.0	0.17400000000000002
parp1_round2_gen101471	-15.16876	-12.87520461533	-3.1848476960900003	-0.0	0.522
parp1_round2_gen128304	-15.37523	-13.764960736799999	-4.305676081630001	-0.0	0.17400000000000002
parp1_round2_gen795177	-15.26392	-13.474883323159998	-4.47013741748	-0.0	0.17400000000000002
parp1_round2_gen928	-15.13292	-13.390247380589999	-4.399228600860001	-0.0	0.17400000000000002
parp1_round2_gen324617	-17.8889	-14.823836615289999	-4.1089365368	-0.0	0.29000000000000004
parp1_round2_gen205178	-15.04882	-14.04122156684	-3.64645042239	-0.0	0.17400000000000002
parp1_round2_gen796444	-15.13919	-12.146402201490002	-3.8750175395500004	-0.0	0.116
parp1_round2_gen1326	-14.86817	-12.903938029269998	-4.573522232240001	-0.0	0.17400000000000002
parp1_round2_gen481170	-15.05487	-13.15676344664	-1.89998266029	-0.0	0.34800000000000003
parp1_round2_gen796677	-15.42333	-13.2875958003	-4.386847490410001	-0.0	0.17400000000000002
parp1_round2_gen1879	-15.40456	-12.98987253624	-4.2142129734200005	-0.0	0.116
parp1_round2_gen798946	-15.894	-13.63670128716	-5.04058379908	-0.0	0.17400000000000002
parp1_round2_gen799549	-15.33177	-13.19265835838	-4.515520561070001	-0.31086684441000006	0.17400000000000002
parp1_round2_gen1189	-15.90132	-13.563873190319997	-4.198476811740001	-0.0	0.17400000000000002
parp1_round2_gen9507	-15.41167	-13.046846332749999	-4.163390978620001	-0.0	0.116
parp1_round2_gen143501	-15.19524	-13.552444130160001	-4.3073990216	-0.0	0.17400000000000002
parp1_round2_gen84671	-14.86985	-13.75450643082	-3.7250891479900003	-0.0	0.17400000000000002
parp1_round2_gen4449	-14.85722	-11.8605311851	-4.5051846747	-0.23192679159000001	0.116
parp1_round2_gen3175	-15.4442	-13.60415766494	-4.5492990218700005	-0.0	0.17400000000000002
parp1_round2_gen9749	-15.24408	-12.02133344265	-2.9848551508200005	-1.12689598248	0.058
parp1_round2_gen3640	-15.04518	-13.192619778839997	-4.4947481403000005	-0.0	0.17400000000000002
parp1_round2_gen1450	-15.20431	-13.124929466519998	-4.750439726200001	-0.0	0.17400000000000002
parp1_round2_gen12252	-14.98965	-12.90343987299	-4.713198552340001	-0.0	0.17400000000000002
parp1_round2_gen155546	-15.24108	-12.03734220932	-3.6491314474400007	-0.0	0.522
parp1_round2_gen3782	-15.11224	-13.005626864649999	-4.754140207080001	-0.0	0.17400000000000002
parp1_round2_gen3813	-16.29719	-13.67673818277	-4.89292331975	-0.58551220008	0.17400000000000002
parp1_round2_gen798410	-15.07719	-12.86725414949	-4.343409273560001	-0.50960920689	0.17400000000000002
parp1_round2_gen798250	-15.65778	-13.56005841508	-4.843402735540001	-0.0	0.17400000000000002
parp1_round2_gen786087	-15.62858	-13.923494959319997	-4.4448789702300004	-0.0	0.17400000000000002
parp1_round2_gen798900	-15.11018	-13.10496297768	-3.9658090764100007	-0.6850067435100001	0.17400000000000002
parp1_round2_gen1900	-15.06411	-13.46628108734	-4.12092031548	-0.12347380341	0.17400000000000002
parp1_round2_gen12892	-16.39436	-13.091831161070001	-3.3052970862500004	-0.0	0.29000000000000004
parp1_round2_gen263735	-15.99028	-13.12729080454	-2.8608490626800003	-0.0	0.34800000000000003
parp1_round2_gen1020	-15.21618	-13.4415269325	-4.4461919535900005	-0.0	0.17400000000000002
parp1_round2_gen6452	-15.04438	-12.84770578004	-4.251305104030001	-0.58484839401	0.17400000000000002
parp1_round2_gen798060	-15.09203	-13.073003381690002	-4.555915139410001	-0.10780093089000001	0.17400000000000002
parp1_round2_gen11405	-16.70771	-13.4801736183	-2.4635916389600006	-0.76457535606	0.522
parp1_round2_gen796656	-15.38991	-13.39368498477	-4.694297764100001	-0.0	0.17400000000000002
parp1_round2_gen68153	-19.01348	-14.16959542342	-5.95937967562	-0.0	0.406
parp1_round2_gen3451	-15.75001	-13.54968606118	-4.968593454500001	-0.0	0.17400000000000002
parp1_round2_gen798401	-15.7194	-13.788986968979998	-4.686205241660001	-0.0	0.17400000000000002
parp1_round2_gen24549	-15.35514	-13.11579978761	-4.54717910082	-0.38670521931000007	0.17400000000000002
parp1_round2_gen790195	-15.40849	-14.721013913399998	-5.1888716628200005	-0.0	0.34800000000000003
parp1_round2_gen452	-15.20122	-13.18265094655	-4.40596219955	-0.28078996761	0.17400000000000002
parp1_round2_gen1455	-15.12759	-13.40550637414	-3.93741791539	-0.0	0.17400000000000002
parp1_round2_gen1396	-16.39411	-13.06907988777	-3.9656838800800003	-0.32494188285000003	0.17400000000000002
parp1_round2_gen201241	-16.11049	-11.62191591933	-4.14360329537	-0.34667712585	0.232
parp1_round2_gen549	-14.8892	-12.03015663313	-4.16280287149	-0.0	0.17400000000000002
parp1_round2_gen180137	-16.14533	-11.70453714464	-3.4600891974200003	-1.92042620685	0.34800000000000003
parp1_round2_gen118087	-14.9238	-11.30064009325	-3.4151812387800002	-0.21091997295	0.058
parp1_round2_gen784237	-15.30177	-13.740286633910003	-3.6804712099800003	-0.5558817769200001	0.17400000000000002
parp1_round2_gen2663	-15.37789	-13.05634370006	-4.5363224398	-0.48465479817000007	0.17400000000000002
parp1_round2_gen1787	-14.89848	-12.619307087780001	-4.01956003409	-0.0	0.116
parp1_round2_gen785824	-15.19705	-13.251708169970001	-4.61441934935	-0.0	0.17400000000000002
parp1_round2_gen10405	-15.47166	-11.97843355667	-4.72018640128	-0.5845605489000001	0.116
parp1_round2_gen1138	-15.0363	-13.16113698498	-4.511393641150001	-0.0	0.17400000000000002
parp1_round2_gen9738	-14.95056	-13.116106498490002	-4.45563954219	-0.0	0.17400000000000002
parp1_round2_gen3524	-14.88527	-13.21094488861	-4.28449019735	-0.0	0.17400000000000002
parp1_round2_gen798166	-15.76962	-13.86838492876	-4.66977436309	-0.0	0.17400000000000002
parp1_round2_gen796	-15.06118	-12.978498516250001	-4.14545073029	-0.5765420065500001	0.17400000000000002
parp1_round2_gen790624	-15.40987	-14.607248091239999	-4.402420931930001	-0.0	0.232
parp1_round2_gen2246	-14.91788	-13.47598410849	-4.93113520353	-0.0	0.232
parp1_round2_gen836	-15.02078	-13.00882210722	-4.205639654990001	-0.43877581227	0.17400000000000002
parp1_round2_gen795688	-15.09353	-12.97790438352	-4.757910825960001	-0.0	0.17400000000000002
parp1_round2_gen4458	-15.28584	-13.0598205622	-4.45699075076	-0.44937321183000006	0.17400000000000002
parp1_round2_gen5141	-15.30124	-11.722574823639999	-5.36416300725	-0.0	0.116
parp1_round2_gen799250	-15.0598	-13.03845744938	-4.6580571088100005	-0.0	0.17400000000000002
parp1_round2_gen4361	-15.40636	-12.42291353297	-4.158096261000001	-0.62718512274	0.116
parp1_round2_gen799510	-15.08485	-12.95650545831	-4.3034467453000005	-0.47218934259000006	0.17400000000000002
parp1_round2_gen3257	-15.45775	-13.64144591014	-4.5306552894	-0.0	0.17400000000000002
parp1_round2_gen795826	-14.85768	-13.220295524889998	-4.24593148116	-0.0	0.17400000000000002
parp1_round2_gen797534	-14.94348	-13.382145460299999	-4.18224056612	-0.0	0.17400000000000002
parp1_round2_gen18422	-14.99308	-13.194384082970002	-3.9319047179000006	-0.49941714024000006	0.17400000000000002
parp1_round2_gen69985	-15.15002	-12.49609433697	-2.9925741884100003	-0.54883250892	0.522
parp1_round2_gen61392	-15.71125	-12.37353332171	-3.1103674525100002	-0.22945367340000003	0.232
parp1_round2_gen796627	-14.97819	-12.50971308758	-4.66351735211	-0.43764205500000003	0.17400000000000002
parp1_round2_gen798310	-15.03836	-13.661682154609998	-4.013072619780001	-0.0	0.17400000000000002
parp1_round2_gen5781	-15.17598	-12.31982850596	-4.186369940870001	-0.0	0.116
parp1_round2_gen785718	-14.94976	-13.58666468463	-3.9861248988000004	-0.0	0.17400000000000002
parp1_round2_gen798344	-15.21787	-13.27044670006	-4.616429504430001	-0.0	0.17400000000000002
parp1_round2_gen784970	-15.89817	-14.46322124901	-4.22531266261	-0.0	0.17400000000000002
parp1_round2_gen8819	-14.98668	-13.49841826302	-4.11607833865	-0.0	0.17400000000000002
parp1_round2_gen785986	-16.1498	-14.068370859329999	-4.91429331628	-0.0	0.17400000000000002
parp1_round2_gen767	-15.29543	-13.43074539596	-4.548118950020001	-0.0	0.17400000000000002
parp1_round2_gen6800	-15.33332	-11.91602387632	-4.2109631291900005	-0.9960850659600001	0.116
parp1_round2_gen788024	-15.93691	-13.49977533132	-3.9050923632600005	-1.7920766597400002	1.102
parp1_round2_gen4586	-15.02605	-12.5949722306	-5.0656749672000005	-0.0	0.17400000000000002
parp1_round2_gen57755	-16.26888	-12.49487037849	-4.72788439747	-0.0	0.34800000000000003
parp1_round2_gen249539	-15.18763	-13.37625667457	-4.47359697433	-0.0	0.17400000000000002
parp1_round2_gen1311	-14.96806	-12.79064500643	-4.79804308818	-0.0	0.17400000000000002
parp1_round2_gen750	-15.32735	-13.374400763570002	-4.63522087739	-0.008324010630000002	0.17400000000000002
parp1_round2_gen81233	-15.1362	-12.016831242279999	-2.8309786912400003	-0.29109364767	0.464
parp1_round2_gen799532	-14.98891	-12.65374510954	-4.73209022264	-0.23591550240000003	0.17400000000000002
parp1_round2_gen1278	-15.56552	-12.575787612610002	-4.16456894633	-0.19366101513000003	0.17400000000000002
parp1_round2_gen545003	-15.56412	-14.33915029475	-3.57223600183	-0.3854774718	0.812
parp1_round2_gen10942	-15.07104	-13.16156670637	-4.16848054259	-0.38129490612	0.17400000000000002
parp1_round2_gen5553	-14.89657	-12.18635764461	-5.32169760446	-0.0	0.17400000000000002
parp1_round2_gen1715	-15.19395	-12.285480716539997	-4.512412395600001	-1.05453524646	0.17400000000000002
parp1_round2_gen795259	-15.04039	-12.748338563379999	-4.554455216940001	-0.37221309918	0.17400000000000002
parp1_round2_gen797109	-14.92869	-13.153046380469998	-4.39327669018	-0.0	0.17400000000000002
parp1_round2_gen1729	-15.00874	-13.13411534078	-4.505067544240001	-0.0	0.17400000000000002
parp1_round2_gen36218	-14.90205	-13.001358189560001	-3.8092778935300005	-0.7058901999600001	0.17400000000000002
parp1_round2_gen6420	-15.08022	-12.44364529464	-3.4761848163500004	-0.9256276323000001	0.116
parp1_round2_gen785668	-15.86536	-14.114357554760002	-4.52890219009	-0.0	0.17400000000000002
parp1_round2_gen8459	-15.18368	-12.38382203263	-4.57322624988	-0.0	0.116
parp1_round2_gen406456	-14.88314	-13.286500023999999	-4.214532101320001	-0.0	0.17400000000000002
parp1_round2_gen3111	-15.10905	-12.736187454649997	-4.14229346822	-0.0	0.116
parp1_round2_gen3969	-15.06727	-13.211933449899998	-4.50322536967	-0.0	0.17400000000000002
parp1_round2_gen786255	-15.57879	-13.78678080997	-4.52313859994	-0.0	0.17400000000000002
parp1_round2_gen786204	-15.37931	-14.13048509782	-2.14260788748	-0.0	0.34800000000000003
parp1_round2_gen159339	-15.36944	-12.897713776989999	-3.3728434871500004	-0.0	0.058
parp1_round2_gen4056	-15.08809	-13.93537631781	-4.214065332930001	-0.46740171474000003	0.232
parp1_round2_gen2608	-15.52234	-12.094595630059999	-3.88218353901	-0.0	0.116
parp1_round2_gen1806	-15.02163	-13.297374679799999	-4.35699570554	-0.0	0.17400000000000002
parp1_round2_gen2774	-15.31329	-13.339361516830001	-4.658642410420001	-0.0	0.17400000000000002
parp1_round2_gen788897	-15.38781	-14.50107017783	-4.48837820714	-0.0	0.232
parp1_round2_gen798901	-17.11615	-14.678168920409998	-5.440419144990001	-0.0	0.17400000000000002
parp1_round2_gen77611	-15.6247	-13.803933957209999	-4.55597966637	-0.0	0.17400000000000002
parp1_round2_gen719	-15.61603	-13.41715107326	-4.942578568920001	-0.0	0.17400000000000002
parp1_round2_gen24537	-14.96826	-13.22407354606	-3.9167468440300004	-0.4475815228800001	0.17400000000000002
parp1_round2_gen74881	-15.1431	-13.314752974089998	-4.35302905095	-0.13179781404000002	0.17400000000000002
parp1_round2_gen790165	-15.18848	-14.366420721259999	-4.37376149306	-0.0	0.232
parp1_round2_gen4475	-15.11798	-13.418318587109997	-4.06519462241	-0.28524275523000003	0.17400000000000002
parp1_round2_gen798915	-16.13387	-14.162675462649998	-4.79921193795	-0.0	0.17400000000000002
parp1_round2_gen10140	-15.32833	-13.18751732244	-4.828682873480001	-0.0	0.17400000000000002
parp1_round2_gen147	-15.09279	-12.913486593999998	-4.8220692107700005	-0.0	0.17400000000000002
parp1_round2_gen5815	-15.84988	-13.697497629210002	-4.009345486460001	-0.9202701886200001	0.17400000000000002
parp1_round2_gen795860	-14.98889	-12.63645637348	-4.976762076670001	-0.0	0.17400000000000002
parp1_round2_gen1469	-14.99634	-12.74082190471	-4.88869540111	-0.0	0.17400000000000002
parp1_round2_gen44842	-18.25053	-12.34709526983	-3.86384771236	-2.03334373143	0.29000000000000004
parp1_round2_gen11616	-15.95004	-13.74737713472	-3.7369038940900006	-1.26270600489	0.17400000000000002
parp1_round2_gen1783	-15.09813	-12.55283154126	-4.684892959680001	-0.5118767214300001	0.17400000000000002
parp1_round2_gen1078	-15.26329	-13.189279869640002	-4.75199959532	-0.0	0.17400000000000002
parp1_round2_gen794658	-15.04003	-12.843190447319998	-4.74813639428	-0.09517686678000001	0.17400000000000002
parp1_round2_gen4453	-14.99436	-11.62243303087	-4.9175045846100005	-0.20851147305	0.116
parp1_round2_gen4090	-15.40945	-12.73824883481	-4.93498542904	-0.43849384155	0.17400000000000002
parp1_round2_gen794710	-15.40893	-13.045595599139999	-4.1650967347800005	-0.0	0.116
parp1_round2_gen800053	-14.99379	-12.42187481718	-4.6110053822	-0.58441956354	0.17400000000000002
parp1_round2_gen473070	-15.19943	-11.99047539454	-2.8456641856800005	-0.36646207137000003	0.29000000000000004
parp1_round2_gen799436	-16.21999	-14.049165084200002	-5.011640301310001	-0.0	0.17400000000000002
parp1_round2_gen1727	-14.9362	-12.804204199209998	-4.34237088047	-0.40610832948000003	0.17400000000000002
parp1_round2_gen787442	-16.02259	-16.365255531569996	-2.80239640417	-0.6025303079100001	0.9860000000000001
parp1_round2_gen1603	-15.74308	-14.067394213130001	-4.439507451500001	-0.0	0.17400000000000002
parp1_round2_gen290735	-14.8937	-12.417419544350002	-2.4207713378899998	-1.3581530936100001	0.406
parp1_round2_gen795080	-15.18015	-12.92034868554	-4.43398513607	-0.48809131632	0.17400000000000002
parp1_round2_gen24731	-15.23728	-14.03115268724	-4.4384227673300005	-1.2250687881600002	0.29000000000000004
parp1_round2_gen4484	-14.85461	-13.18776356164	-4.27204701477	-0.0	0.17400000000000002
parp1_round2_gen798345	-15.22481	-13.29360053347	-4.60092760367	-0.0	0.17400000000000002
parp1_round2_gen1704	-15.36457	-12.39607425102	-3.7689232938500004	-0.5470643175300001	0.17400000000000002
parp1_round2_gen5527	-15.29711	-13.82088017875	-4.1561008349	-0.0	0.17400000000000002
parp1_round2_gen794640	-15.19477	-12.685190229639998	-5.072666673730001	-0.09929481417000001	0.17400000000000002
parp1_round2_gen287947	-15.83043	-13.038829652210001	-2.4339464105000004	-0.35324469387000007	0.406
parp1_round2_gen740480	-15.11046	-13.38199428189	-4.80112670535	-0.45963577116000004	0.232
parp1_round2_gen22885	-15.20278	-14.553841566329996	-4.749954371240001	-0.33697263357	0.29000000000000004
parp1_round2_gen795566	-14.95467	-13.2805672435	-4.29535106665	-0.0	0.17400000000000002
parp1_round2_gen127863	-15.41888	-13.525151361639999	-4.6016914064900005	-0.0	0.17400000000000002
parp1_round2_gen10739	-15.52351	-12.92176917335	-4.3278091796	-0.5439273932700001	0.17400000000000002
parp1_round2_gen3761	-15.67343	-13.322225315979999	-5.100950523610001	-0.0	0.17400000000000002
parp1_round2_gen3325	-15.16157	-13.54905836242	-4.27120255325	-0.0	0.17400000000000002
parp1_round2_gen1896	-15.25645	-13.73022450499	-4.2040668103400005	-0.0	0.17400000000000002
parp1_round2_gen796206	-15.6207	-13.724384105759999	-4.64001305624	-0.0	0.17400000000000002
parp1_round2_gen2176	-15.03428	-12.83119146335	-4.0583810664	-0.7837141186800001	0.17400000000000002
parp1_round2_gen786345	-15.02141	-14.565760651480002	-3.6537616075100003	-0.31747553316000005	0.232
parp1_round2_gen90288	-15.10595	-13.29602576616	-4.45525869285	-0.0	0.17400000000000002
parp1_round2_gen798376	-14.9453	-12.72511985584	-4.8420434611	-0.0	0.17400000000000002
parp1_round2_gen1010	-14.9582	-13.252866457	-4.05229519214	-0.27451611909	0.17400000000000002
parp1_round2_gen785785	-15.26434	-13.14609921442	-4.78799757313	-0.0	0.17400000000000002
parp1_round2_gen15974	-16.60901	-13.16933236442	-3.44010898536	-0.0	0.29000000000000004
parp1_round2_gen4913	-15.52178	-12.984032828220002	-4.916400261800001	-0.7874091099900001	0.232
parp1_round2_gen2604	-14.87887	-13.013253578199999	-4.471663971050001	-0.0	0.17400000000000002
parp1_round2_gen797227	-15.46574	-13.65874170119	-4.5223513008900005	-0.0	0.17400000000000002
parp1_round2_gen2640	-15.61919	-12.804340044480002	-4.029019546150001	-0.61168848192	0.116
parp1_round2_gen5686	-15.48121	-13.969033944439998	-4.0791541885500004	-0.15147114615	0.17400000000000002
parp1_round2_gen4719	-14.89814	-12.82673288722	-4.30027580632	-0.38433196575	0.17400000000000002
parp1_round2_gen213686	-15.67039	-13.40177193418	-3.6441902253400005	-0.0	0.464
parp1_round2_gen1675	-15.46273	-13.278022586189998	-4.5439734435300005	-0.36065817405	0.17400000000000002
parp1_round2_gen1937	-14.96094	-13.300602734030003	-4.28834147493	-0.0	0.17400000000000002
parp1_round2_gen511	-14.98016	-12.57283657234	-4.16110097292	-0.0	0.116
parp1_round2_gen4430	-14.88358	-12.83694511267	-4.65847372853	-0.0	0.17400000000000002
parp1_round2_gen136769	-15.6032	-12.744281946040001	-2.3109040184800005	-1.45876377114	0.058
parp1_round2_gen233398	-15.46788	-12.97479585022	-3.39712561344	-0.0	0.406
parp1_round2_gen2615	-15.18643	-13.00725080666	-4.58733345651	-0.25392050775	0.17400000000000002
parp1_round2_gen721	-14.88149	-13.075840894439999	-4.41446643205	-0.0	0.17400000000000002
parp1_round2_gen795570	-15.11923	-13.38585332478	-4.38501548585	-0.0	0.17400000000000002
parp1_round2_gen798329	-15.03851	-12.850005290449998	-4.316533444030001	-0.5115830019300001	0.17400000000000002
parp1_round2_gen798406	-16.07344	-14.08036117591	-4.814416453590001	-0.0	0.17400000000000002
parp1_round2_gen799811	-15.39124	-12.968082361869998	-4.54191840013	-0.587439	0.17400000000000002
parp1_round2_gen27891	-14.89356	-13.30482933027	-4.11520792607	-0.08492605623	0.17400000000000002
parp1_round2_gen941	-14.94021	-13.178784321410001	-4.379106359350001	-0.0	0.17400000000000002
parp1_round2_gen11515	-14.92287	-13.18392344302	-4.354271194930001	-0.0	0.17400000000000002
parp1_round2_gen377248	-15.8644	-12.2224118829	-3.9176267252400003	-0.65155209246	0.464
parp1_round2_gen89900	-15.52858	-13.08567561804	-2.12022404616	-0.32216329638	0.754
parp1_round2_gen286174	-16.22759	-13.18326149667	-2.68671569663	-0.35747425467000005	0.34800000000000003
parp1_round2_gen15962	-16.04863	-12.707029383679998	-4.27995156737	-0.0	0.6960000000000001
parp1_round2_gen794815	-14.9809	-13.40572887414	-4.20504278061	-0.0	0.17400000000000002
parp1_round2_gen788994	-15.47896	-14.006398243420001	-4.17936175191	-0.0	0.232
parp1_round2_gen6553	-15.9513	-13.57690601313	-5.17028509282	-0.0	0.17400000000000002
parp1_round2_gen796149	-14.85713	-13.25757698615	-4.20947409945	-0.0	0.17400000000000002
parp1_round2_gen3602	-14.95128	-13.22179217634	-4.35459102421	-0.0	0.17400000000000002
parp1_round2_gen5043	-16.01386	-13.801027855250002	-4.78609893747	-0.23142746844	0.17400000000000002
parp1_round2_gen790015	-15.24107	-12.955949113630002	-3.2420760958100003	-1.7200037688300003	0.17400000000000002
parp1_round2_gen2399	-15.37053	-13.64233856649	-3.8385703278500003	-0.58564731105	0.17400000000000002
parp1_round2_gen3436	-15.34337	-12.383660814759999	-4.222394571120001	-1.4292567101700002	0.17400000000000002
parp1_round2_gen799398	-16.02792	-14.199043483170001	-4.64361779875	-0.0	0.17400000000000002
parp1_round2_gen811	-15.42849	-13.59816701496	-3.6990791720700003	-0.83689497135	0.17400000000000002
parp1_round2_gen1317	-14.94757	-13.0031584783	-4.563297865290001	-0.0	0.17400000000000002
parp1_round2_gen1259	-15.17809	-13.55638009643	-4.28442146211	-0.0	0.17400000000000002
parp1_round2_gen348999	-15.25722	-13.12161408232	-3.02679977896	-0.0	0.464
parp1_round2_gen796013	-15.47509	-13.60492455278	-4.5818851366699995	-0.0	0.17400000000000002
parp1_round2_gen6288	-15.46532	-14.06341732245	-4.11191670042	-0.0	0.17400000000000002
parp1_round2_gen786315	-14.8609	-13.28760507945	-4.18135787939	-0.0	0.17400000000000002
parp1_round2_gen798774	-16.74905	-13.609459692220002	-5.09775328288	-0.0	0.116
parp1_round2_gen1764	-14.96696	-12.94415056665	-4.45840368077	-0.19141112376000002	0.17400000000000002
parp1_round2_gen790434	-16.10484	-12.91664079019	-3.8326440175400003	-0.29983473999000004	0.232
parp1_round2_gen729	-14.9929	-12.77424900545	-4.21985171793	-0.6345692309700001	0.17400000000000002
parp1_round2_gen174852	-15.28267	-11.810444809420002	-4.11551723465	-0.24900951771000002	0.522
parp1_round2_gen2156	-15.17287	-13.133226705959999	-4.3260662503	-0.37292977476	0.17400000000000002
parp1_round2_gen796025	-14.85745	-13.039707296200001	-4.42437587938	-0.0	0.17400000000000002
parp1_round2_gen1463	-14.97306	-13.21005855402	-4.12815750501	-0.25825580757000005	0.17400000000000002
parp1_round2_gen795686	-15.1113	-13.25843067971	-4.5021280606600005	-0.0	0.17400000000000002
parp1_round2_gen2493	-15.18904	-13.91567282682	-4.648353165820001	-0.17526830004000002	0.232
parp1_round2_gen6454	-15.07711	-13.206998436580001	-4.511878996110001	-0.0	0.17400000000000002
parp1_round2_gen1977	-14.90879	-12.983279199070001	-4.5409164788	-0.0	0.17400000000000002
parp1_round2_gen798359	-15.12604	-12.995645748700001	-4.7828796032700005	-0.0	0.17400000000000002
parp1_round2_gen797421	-15.06348	-11.89387135276	-3.8029426786800005	-0.6916800505500001	0.17400000000000002
parp1_round2_gen782352	-15.12617	-13.395881979519999	-4.38555098948	-0.0	0.17400000000000002
parp1_round2_gen1817	-15.05719	-13.426571907159998	-4.274820972670001	-0.0	0.17400000000000002
parp1_round2_gen18183	-15.24879	-12.594416245389999	-3.3827690662200003	-0.16196280669000002	0.058
parp1_round2_gen19323	-15.57028	-13.59626542865	-4.70610760054	-0.0	0.17400000000000002
parp1_round2_gen2782	-15.12365	-13.014272613840001	-4.76142614252	-0.0	0.17400000000000002
parp1_round2_gen4593	-14.92565	-12.79668285105	-4.741735951090001	-0.0	0.17400000000000002
parp1_round2_gen4435	-14.96319	-12.811116754650001	-4.31002744315	-0.46590961968000005	0.17400000000000002
parp1_round2_gen7740	-14.952	-12.863893568890001	-3.76308149983	-0.9427103584200002	0.17400000000000002
parp1_round2_gen779	-15.11405	-13.31017091453	-4.45436583611	-0.0	0.17400000000000002
parp1_round2_gen27568	-14.89923	-12.0793872861	-3.8985723347800003	-0.22786171371000002	0.232
parp1_round2_gen1532	-15.02796	-13.02955842954	-4.636839662430001	-0.0	0.17400000000000002
parp1_round2_gen10987	-17.34499	-13.92191296839	-4.44171223953	-0.0	0.5800000000000001
parp1_round2_gen469	-15.22694	-13.43716527167	-4.4585176550200005	-0.0	0.17400000000000002
parp1_round2_gen795713	-15.18062	-12.40325337051	-4.55115347059	-0.0	0.116
parp1_round2_gen2483	-15.20057	-12.829619603269999	-5.03436290917	-0.0	0.17400000000000002
parp1_round2_gen1739	-15.1788	-12.958320488559998	-4.42229488492	-0.46008809919	0.17400000000000002
parp1_round2_gen2590	-15.615	-13.780910326399999	-4.56934867055	-0.0	0.17400000000000002
parp1_round2_gen132854	-16.28218	-13.029179712709999	-4.2011434585	-0.0	0.34800000000000003
parp1_round2_gen4552	-15.90059	-12.514092754150003	-3.9519634845200002	-1.2965307425100001	0.116
parp1_round2_gen726100	-16.03253	-14.315060209459999	-3.1291311209600003	-0.0	0.464
parp1_round2_gen795874	-15.62294	-13.40218938388	-4.957661044440001	-0.0	0.17400000000000002
parp1_round2_gen6823	-15.18502	-11.798408925269998	-4.342093133990001	-0.8172275136300001	0.116
parp1_round2_gen385345	-15.17403	-11.372954850009998	-3.39892114624	-0.40556201121	0.5800000000000001
parp1_round2_gen8358	-15.83175	-13.870072917540002	-4.732246630380001	-0.0	0.17400000000000002
parp1_round2_gen33274	-15.17767	-11.991048723599999	-3.8375445596000004	-0.23562765729000004	0.638
parp1_round2_gen2103	-14.98018	-13.06212079708	-4.104482072420001	-0.0	0.17400000000000002
parp1_round2_gen2414	-15.65499	-13.634058784709998	-4.76363128124	-0.0	0.17400000000000002
parp1_round2_gen61578	-16.33931	-11.193364035849998	-3.4269903738400003	-1.7229057174900002	0.638
parp1_round2_gen794773	-15.05	-13.21913639854	-4.47058068964	-0.0	0.17400000000000002
parp1_round2_gen65284	-16.2995	-14.409081686289998	-4.75671392099	-0.0	0.17400000000000002
parp1_round2_gen771489	-15.1425	-13.293432329560002	-4.49961992578	-0.0	0.17400000000000002
parp1_round2_gen23337	-14.86998	-13.428171613619998	-4.03990882134	-0.0	0.17400000000000002
parp1_round2_gen46266	-15.94218	-13.692150286329998	-3.7288411803000003	-0.38758637781000005	0.406
parp1_round2_gen16752	-15.0153	-13.391570507769998	-4.05346369122	-1.5144647371200002	0.29000000000000004
parp1_round2_gen798374	-15.50189	-12.949127284700001	-3.9888322256000004	-1.28258494065	0.17400000000000002
parp1_round2_gen1980	-15.49435	-13.960754353179999	-4.91881265831	-0.23551604388000003	0.232
parp1_round2_gen13957	-15.00311	-13.77435052884	-3.8576506693700003	-0.0	0.17400000000000002
parp1_round2_gen40436	-15.21441	-13.86708545444	-3.8983447369700004	-0.12597041916	0.6960000000000001
parp1_round2_gen790061	-15.11731	-13.51116814577	-4.2554411418900004	-0.0	0.17400000000000002
parp1_round2_gen89541	-15.40493	-13.426216274740002	-4.67491197159	-0.0	0.17400000000000002
parp1_round2_gen145329	-14.97561	-11.870426046939999	-3.2240674629300003	-0.7540954443000001	0.34800000000000003
parp1_round2_gen210117	-17.19198	-12.89986790219	-4.294122248890001	-0.0	0.5800000000000001
parp1_round2_gen6491	-16.05179	-13.74748181038	-3.79710474225	-0.38020226958000003	0.116
parp1_round2_gen8043	-15.53251	-13.948417083490002	-4.30933868799	-0.0	0.17400000000000002
parp1_round2_gen4931	-15.13315	-13.16108661188	-4.1277696418700005	-0.49560466113000007	0.17400000000000002
parp1_round2_gen786041	-14.94815	-13.01909039779	-4.545685512110001	-0.0	0.17400000000000002
parp1_round2_gen4532	-15.80052	-13.9634962619	-4.60852845873	-0.0	0.17400000000000002
parp1_round2_gen795007	-14.99415	-13.217810765399998	-4.40305427807	-0.0	0.17400000000000002
parp1_round2_gen786900	-15.21399	-14.057660785379998	-4.7153040951000005	-0.0	0.232
parp1_round2_gen775472	-15.89623	-14.031777126789999	-4.649200082170001	-0.0	0.17400000000000002
parp1_round2_gen796089	-14.96971	-13.152808409199999	-4.438707878300001	-0.0	0.17400000000000002
parp1_round2_gen4652	-15.9332	-14.304027510010002	-4.16775917326	-0.25178222979000003	0.17400000000000002
parp1_round2_gen2317	-15.06621	-12.64952832531	-3.8272574191400004	-1.23519623652	0.17400000000000002
parp1_round2_gen19742	-15.39894	-14.05616297953	-5.14387638237	-0.24300589113	0.29000000000000004
parp1_round2_gen790599	-14.92354	-13.03376502469	-3.88681790736	-0.61305721479	0.17400000000000002
parp1_round2_gen74140	-15.03529	-14.1638998224	-3.51016352114	-0.0	0.5800000000000001
parp1_round2_gen1330	-14.84962	-13.0559304689	-4.39665769247	-0.0	0.17400000000000002
parp1_round2_gen790376	-15.51009	-13.7722131641	-4.91209273653	-0.0	0.232
parp1_round2_gen4161	-14.87945	-13.29303257516	-3.7332756553500004	-0.46364210514000004	0.17400000000000002
parp1_round2_gen4418	-14.97176	-13.92847879295	-4.54001029584	-0.0	0.232
parp1_round2_gen33293	-15.34625	-13.763427546809998	-3.9871061294200003	-0.29525859018	0.17400000000000002
parp1_round2_gen798417	-15.09874	-13.296931769499999	-4.45075969084	-0.0	0.17400000000000002
parp1_round2_gen333215	-16.71493	-12.84591855616	-4.056393706170001	-0.79277830245	0.6960000000000001
parp1_round2_gen781138	-15.17981	-12.70167768339	-5.13272514175	-0.0	0.17400000000000002
parp1_round2_gen798212	-15.14453	-13.25817712588	-4.460177470790001	-0.08345745873	0.17400000000000002
parp1_round2_gen785746	-16.19541	-13.7344424524	-5.307023332100001	-0.0	0.17400000000000002
parp1_round2_gen15622	-14.96084	-12.944670972569998	-4.09364154314	-0.5450435273700001	0.17400000000000002
parp1_round2_gen800044	-14.99886	-13.595082211310002	-4.035336875810001	-0.0	0.17400000000000002
parp1_round2_gen499870	-15.47684	-11.70485701424	-3.8352612170100007	-0.8405605907100001	0.638
parp1_round2_gen1522	-15.14708	-13.472433367799999	-4.33070693107	-0.0	0.17400000000000002
parp1_round2_gen3566	-15.04125	-13.30549414248	-4.373428688250001	-0.8838842169600001	0.232
parp1_round2_gen18	-15.13813	-13.23394343992	-4.3224078522200005	-0.23738409990000003	0.17400000000000002
parp1_round2_gen102223	-15.28559	-13.717592298529997	-4.11691017533	-1.0231248831300002	0.232
parp1_round2_gen795557	-14.98772	-13.36825114853	-4.24929494895	-0.0	0.17400000000000002
parp1_round2_gen23016	-14.96715	-12.873382832419999	-4.1709595702	-0.54728166996	0.17400000000000002
parp1_round2_gen786815	-15.39455	-13.521398269919999	-3.5030154068700003	-1.07147111283	0.17400000000000002
parp1_round2_gen89027	-14.95236	-13.718385993459998	-3.8548142886500005	-0.0	0.17400000000000002
parp1_round2_gen18288	-14.96452	-13.42405462932	-4.59841490982	-0.0	0.232
parp1_round2_gen553094	-14.89647	-13.797923288399998	-4.585174959560001	-0.0	0.232
parp1_round2_gen5808	-14.94341	-13.789442345380001	-4.137484806940001	-0.50753554722	0.232
parp1_round2_gen796162	-15.32482	-13.23478985547	-4.64547715713	-0.13483487367000002	0.17400000000000002
parp1_round2_gen1363	-15.1017	-13.261452573469999	-4.490080105710001	-0.0	0.17400000000000002
parp1_round2_gen18897	-16.54662	-14.814411250580001	-5.599122852420001	-0.0	0.232
parp1_round2_gen3622	-14.97826	-12.671607920449999	-3.60347160944	-0.4591481967900001	0.116
parp1_round2_gen798800	-14.99995	-12.82999174058	-3.9553634240700006	-0.4099149342	0.17400000000000002
parp1_round2_gen795736	-15.00212	-13.476310354280002	-4.16155581785	-0.0	0.17400000000000002
parp1_round2_gen22502	-15.04241	-14.027135217049999	-4.53037017843	-0.0	0.232
parp1_round2_gen4721	-15.24249	-13.495956025869997	-4.419868811500001	-0.0	0.17400000000000002
parp1_round2_gen4708	-14.98573	-12.70531007731	-4.9021846919600005	-0.0	0.17400000000000002
parp1_round2_gen795182	-14.98486	-13.27252577044	-4.34327355653	-0.0	0.17400000000000002
parp1_round2_gen10771	-16.84102	-13.394310385	-4.4304340491300005	-0.0	0.754
parp1_round2_gen797014	-14.91212	-13.051575186869998	-4.473860342520001	-0.0	0.17400000000000002
parp1_round2_gen796271	-15.63918	-13.38948086438	-4.99232359473	-0.0	0.17400000000000002
parp1_round2_gen796655	-15.34581	-13.35888325974	-4.67507258761	-0.0	0.17400000000000002
parp1_round2_gen8008	-14.99171	-13.374436173059998	-4.24430568232	-0.0	0.17400000000000002
parp1_round2_gen1975	-14.98205	-12.90695732692	-4.31025644372	-0.39647432988000003	0.17400000000000002
parp1_round2_gen66466	-15.13989	-13.635545231399998	-4.157941256020001	-0.0	0.17400000000000002
parp1_round2_gen795256	-14.87094	-12.3431482207	-4.13578115492	-1.00319307786	0.17400000000000002
parp1_round2_gen4413	-15.54636	-13.84460463776	-4.42729151604	-0.0	0.17400000000000002
parp1_round2_gen1606	-14.9993	-13.324350199049999	-4.30879055952	-0.0	0.17400000000000002
parp1_round2_gen737611	-16.93604	-14.30884782527	-4.9345695107	-1.15744281048	0.232
parp1_round2_gen8982	-15.78653	-14.53278383168	-4.01831087631	-0.0	0.17400000000000002
parp1_round2_gen1361	-15.32516	-13.541687105750002	-4.278085545880001	-0.19060045794000002	0.17400000000000002
parp1_round2_gen796238	-15.65471	-13.33503015159	-4.68435289708	-0.38792121804	0.17400000000000002
parp1_round2_gen443748	-14.92751	-11.47203736164	-2.8316842795200006	-0.62064692667	0.29000000000000004
parp1_round2_gen38533	-16.43859	-14.77076220714	-4.7761084807500005	-0.24895077381000003	0.232
parp1_round2_gen9532	-15.65326	-13.22682750698	-4.03855515794	-0.21610118493	0.116
parp1_round2_gen798331	-15.07001	-13.27835741367	-4.43795845377	-0.0	0.17400000000000002
parp1_round2_gen298	-15.07104	-13.16654313289	-4.3264127320200005	-0.21630091419	0.17400000000000002
parp1_round2_gen5173	-15.19038	-13.26037384363	-4.58953894592	-0.0	0.17400000000000002
parp1_round2_gen4163	-15.99316	-13.229550101800001	-3.6955877024300006	-0.0	0.116
parp1_round2_gen796714	-15.08583	-13.401476023349998	-4.33047126739	-0.0	0.17400000000000002
parp1_round2_gen795654	-15.00136	-13.33908546826	-4.294269188	-0.0	0.17400000000000002
parp1_round2_gen1218	-14.91841	-12.937966808229998	-4.5925752199400005	-0.0	0.17400000000000002
parp1_round2_gen799537	-15.90941	-13.261501825179998	-5.17619632346	-0.26223864399	0.17400000000000002
parp1_round2_gen60781	-17.0118	-12.823200025370001	-3.8830662257400004	-1.3023228910500002	0.29000000000000004
parp1_round2_gen2592	-14.89094	-12.704034305639999	-4.43512873616	-0.36428854707	0.17400000000000002
parp1_round2_gen788525	-14.9973	-14.024125613649998	-4.4792301078	-0.0	0.232
parp1_round2_gen89040	-15.87722	-12.93900936563	-3.73001564111	-0.13045257873	0.5800000000000001
parp1_round2_gen3661	-14.89301	-13.06968353561	-4.43171266487	-0.0	0.17400000000000002
parp1_round2_gen2554	-15.33426	-13.241188932550001	-4.7889454881999995	-0.0	0.17400000000000002
parp1_round2_gen331155	-15.31953	-13.4018932814	-2.60847360142	-0.20620283778	0.5800000000000001
parp1_round2_gen2636	-15.18478	-12.388441033989999	-3.6805160983	-0.0	0.116
parp1_round2_gen5750	-15.12417	-14.22931905823	-4.6865818827200005	-0.6274083495600001	0.29000000000000004
parp1_round2_gen3859	-15.24277	-13.483782086369999	-4.428411269210001	-0.0	0.17400000000000002
parp1_round2_gen4986	-15.69218	-13.279427854219998	-5.03101872933	-0.14025693564000002	0.17400000000000002
parp1_round2_gen799741	-16.2286	-13.915711570909998	-5.158299911380001	-0.0	0.17400000000000002
parp1_round2_gen795891	-15.50285	-13.389613001739999	-4.83112227312	-0.0	0.17400000000000002
parp1_round2_gen5015	-14.90866	-13.12268708967	-3.5171941542600003	-0.00871759476	0.116
parp1_round2_gen335571	-15.67075	-13.13899597833	-4.78889393677	-0.4946882562900001	0.17400000000000002
parp1_round2_gen800082	-15.66526	-13.610819566850001	-4.803961332620001	-0.0	0.17400000000000002
parp1_round2_gen38651	-15.20324	-12.886148296230001	-4.071681686030001	-0.02424948192	0.116
parp1_round2_gen1709	-16.19223	-12.53769780731	-4.59073234399	-0.95894717238	0.116
parp1_round2_gen790382	-14.99849	-13.30967587028	-3.9691897280100004	-1.22190836634	0.232
parp1_round2_gen5336	-15.39045	-13.845198663629999	-4.237816163870001	-0.0	0.17400000000000002
parp1_round2_gen796531	-15.34871	-13.58575308837	-4.455911326940001	-0.0	0.17400000000000002
parp1_round2_gen6495	-15.0756	-12.771016358279999	-4.06778341599	-0.0	0.116
parp1_round2_gen798121	-14.97269	-13.243235007720001	-4.35461978079	-0.0	0.17400000000000002
parp1_round2_gen798912	-15.01395	-13.37279479033	-4.269459273260001	-0.0	0.17400000000000002
parp1_round2_gen828	-14.84934	-12.517762656979999	-4.12952239049	-0.80286463008	0.17400000000000002
parp1_round2_gen3584	-14.90605	-12.502376402900001	-4.14732166144	-0.0	0.116
parp1_round2_gen796939	-14.8647	-12.731581599999998	-4.744800981690001	-0.0	0.17400000000000002
parp1_round2_gen770344	-15.66415	-13.813567446339999	-4.03993091481	-0.10355962131	0.232
parp1_round2_gen794932	-15.05051	-13.320177591699998	-4.372901601180001	-0.0	0.17400000000000002
parp1_round2_gen597994	-15.46311	-14.431737195839997	-4.31351926348	-0.33323064714	0.232
parp1_round2_gen798864	-15.33876	-13.723211567	-4.3025324964700005	-0.0	0.17400000000000002
parp1_round2_gen141866	-14.94522	-13.38949786025	-4.17820447491	-0.0	0.17400000000000002
parp1_round2_gen25126	-14.9993	-12.665256412919998	-4.5499046635000004	-0.41875001676000007	0.17400000000000002
parp1_round2_gen800	-14.94162	-12.76501603535	-4.79806518165	-0.0	0.17400000000000002
parp1_round2_gen4762	-15.03315	-13.03010502343	-3.5986208653600005	-0.16357826394	0.116
parp1_round2_gen766921	-15.10593	-11.4148992007	-3.6878893555500003	-0.0	0.232
parp1_round2_gen2553	-15.06787	-12.996535977910002	-4.43715607505	-0.27651928608000004	0.17400000000000002
parp1_round2_gen799981	-15.27249	-13.7849754609	-4.173396164320001	-0.0	0.17400000000000002
parp1_round2_gen786540	-14.94368	-13.62565682559	-3.94612414533	-0.0	0.17400000000000002
parp1_round2_gen4534	-15.52982	-13.48164974853	-4.48479415534	-0.28424998332	0.17400000000000002
parp1_round2_gen817	-15.08058	-12.868805727609999	-4.855167332970001	-0.0	0.17400000000000002
parp1_round2_gen787255	-15.03575	-13.28279867969	-4.38651643905	-0.0	0.17400000000000002
parp1_round2_gen16036	-15.47268	-13.607921275239999	-4.69160867318	-0.7962970620600001	0.232
parp1_round2_gen794750	-15.10428	-13.31387220463	-4.43739734977	-0.0	0.17400000000000002
parp1_round2_gen5751	-15.83736	-13.718154732599999	-3.9674127817800002	-0.0	0.116
parp1_round2_gen790168	-14.89356	-13.24394015975	-3.82635158687	-0.0	0.5800000000000001
parp1_round2_gen586159	-15.63749	-10.86877434096	-3.4038041538	-1.36975501386	0.34800000000000003
parp1_round2_gen1460	-15.18216	-13.19247283551	-4.64918219698	-0.0	0.17400000000000002
parp1_round2_gen796577	-15.14052	-13.297365853410001	-4.50260044009	-0.0	0.17400000000000002
parp1_round2_gen796382	-15.76554	-14.05867896273	-4.4680178471200005	-0.0	0.17400000000000002
parp1_round2_gen1052	-15.29299	-13.54189545074	-4.4345122231400005	-0.0	0.17400000000000002
parp1_round2_gen795803	-14.93265	-13.351558077109999	-4.19624642334	-0.0	0.17400000000000002
parp1_round2_gen4027	-15.84457	-12.27248994723	-4.512851810170001	-0.9107301792600001	0.116
parp1_round2_gen10341	-15.13147	-13.93886222628	-4.73145161615	-0.0	0.232
parp1_round2_gen795028	-15.07439	-13.2194060295	-4.49460891637	-0.0	0.17400000000000002
parp1_round2_gen332	-15.22411	-13.54689207115	-4.34770768089	-0.0	0.17400000000000002
parp1_round2_gen783	-15.00743	-12.71157470664	-4.245656189510001	-0.68223403143	0.17400000000000002
parp1_round2_gen789723	-15.61229	-14.198973316620002	-4.148009715220001	-0.0	0.17400000000000002
parp1_round2_gen799936	-15.14403	-13.263755207969998	-4.5332728395599995	-0.0	0.17400000000000002
parp1_round2_gen794844	-15.84277	-13.635655683900001	-4.978734006540001	-0.0	0.17400000000000002
parp1_round2_gen797679	-15.13249	-13.322380857180002	-4.45878032183	-0.0	0.17400000000000002
parp1_round2_gen6135	-15.12641	-14.085100024809998	-4.6874845587800005	-0.7774872652800001	0.29000000000000004
parp1_round2_gen173257	-15.72138	-12.131532632349998	-3.5954811377900002	-0.0	0.232
parp1_round2_gen3826	-15.61426	-13.615791788669998	-4.73704862855	-0.0	0.17400000000000002
parp1_round2_gen795988	-14.97218	-12.92248790903	-4.670878685900001	-0.0	0.17400000000000002
parp1_round2_gen4823	-15.8642	-14.06115626376	-4.58350322033	-0.0	0.17400000000000002
parp1_round2_gen794845	-15.43981	-13.19038523135	-4.954903568970001	-0.0	0.17400000000000002
parp1_round2_gen77852	-15.78439	-12.913519191059999	-3.7960274225700004	-0.0	0.464
parp1_round2_gen45968	-15.44476	-13.568183193280001	-3.54575259441	-1.0432094225400002	0.754
parp1_round2_gen785918	-14.89747	-13.773243074819998	-3.7368947761500007	-0.0	0.17400000000000002
parp1_round2_gen795054	-14.9983	-12.516584676859999	-4.53048555544	-0.5856708086100001	0.17400000000000002
parp1_round2_gen790127	-14.99359	-12.040445862640004	-4.509415398860001	-0.19958240025	0.17400000000000002
parp1_round2_gen794816	-15.09331	-13.18142468832	-4.55923968061	-0.0	0.17400000000000002
parp1_round2_gen6873	-15.66604	-13.19294439776	-4.3018265575	-0.0	0.116
parp1_round2_gen796014	-15.40485	-13.458902943790001	-4.64429848804	-0.0	0.17400000000000002
parp1_round2_gen512	-15.21416	-13.490611237619998	-4.39362808156	-0.0	0.17400000000000002
parp1_round2_gen409024	-16.60999	-13.24870945927	-4.09701868784	-1.1991274819200002	0.638
parp1_round2_gen787076	-15.32039	-14.289398790379998	-4.613979584090001	-0.0	0.232
parp1_round2_gen1411	-15.02133	-12.61555544335	-4.16312831181	-0.0	0.17400000000000002
parp1_round2_gen386384	-14.97755	-13.402691426420002	-4.19658343643	-0.0	0.17400000000000002
parp1_round2_gen2446	-14.96859	-13.625947034880001	-3.9633437257100006	-0.0	0.17400000000000002
parp1_round2_gen799719	-14.90552	-12.91807786598	-4.59894690655	-0.0	0.17400000000000002
parp1_round2_gen5308	-15.93816	-14.24134078616	-4.488849183810001	-0.0	0.17400000000000002
parp1_round2_gen42929	-15.20894	-12.96328213959	-3.1340916310100004	-0.0	0.17400000000000002
parp1_round2_gen799495	-15.71112	-13.58716871302	-4.87807229963	-0.0	0.17400000000000002
parp1_round2_gen11361	-14.89672	-13.39982406417	-4.253414855070001	-0.29248000371000005	0.464
parp1_round2_gen798612	-14.98121	-13.06028871047	-4.55046366336	-0.0	0.17400000000000002
parp1_round2_gen1013	-15.84956	-13.228194820670002	-5.148012420230001	-0.25661685276	0.17400000000000002
parp1_round2_gen789979	-15.16209	-14.98792707115	-3.3490835382700004	-1.26147825738	0.29000000000000004
parp1_round2_gen285822	-16.38199	-13.96377537096	-3.14657268811	-0.22688069058000002	0.464
parp1_round2_gen163584	-15.11053	-13.391059385830001	-4.37017358367	-0.0	0.17400000000000002
parp1_round2_gen799874	-14.98668	-13.21756769156	-4.39363860226	-0.0	0.17400000000000002
parp1_round2_gen74148	-15.38136	-11.55326734475	-2.8759992213700003	-0.9535309848000001	0.17400000000000002
parp1_round2_gen8156	-14.86822	-11.98521210013	-4.0313253329	-0.587439	0.116
parp1_round2_gen796003	-15.76013	-13.552371202349999	-4.971292715430001	-0.0	0.17400000000000002
parp1_round2_gen799496	-15.79862	-13.586946867069999	-4.98082517101	-0.0	0.17400000000000002
parp1_round2_gen798797	-15.30106	-13.283524526210002	-4.23062877232	-0.46868820615	0.17400000000000002
parp1_round2_gen4470	-15.10216	-12.85687199487	-4.88759037692	-0.0	0.17400000000000002
parp1_round2_gen1672	-15.086	-13.80960924645	-3.92112591006	-0.0	0.17400000000000002
parp1_round2_gen7453	-14.86592	-11.42380609265	-3.4906104495	-2.55054852459	0.17400000000000002
parp1_round2_gen74655	-15.55438	-13.001229461069999	-2.76036901319	-0.6980713868700001	0.34800000000000003
parp1_round2_gen6161	-15.05128	-13.470325060970001	-4.22053205653	-0.0	0.17400000000000002
parp1_round2_gen790145	-16.29639	-14.506779623029999	-3.1743431278300003	-1.47001910238	0.17400000000000002
parp1_round2_gen258	-15.10555	-13.39727423858	-4.36088661109	-0.0	0.17400000000000002
parp1_round2_gen5200	-16.02639	-12.99233614337	-4.675081004170001	-0.23095751724000002	0.116
parp1_round2_gen3495	-15.13601	-13.27062719758	-4.51534346262	-0.0	0.17400000000000002
parp1_round2_gen87184	-15.20037	-12.91336169006	-3.1748407569400006	-0.0	0.116
parp1_round2_gen788877	-15.81929	-14.77692083435	-4.73819468347	-0.0	0.232
parp1_round2_gen796992	-14.99125	-12.67428777309	-4.41518780138	-0.53452249488	0.17400000000000002
parp1_round2_gen7911	-14.96619	-13.35092735565	-3.9201716825700004	-0.7558871332500001	0.232
parp1_round2_gen6503	-15.39543	-13.220256683149998	-4.874622562100001	-0.0	0.17400000000000002
parp1_round2_gen858	-15.11007	-12.987109022780002	-4.771194261780001	-0.0	0.17400000000000002
parp1_round2_gen780114	-15.16135	-13.703540630480001	-3.7263881037500006	-0.39437717265000005	0.17400000000000002
parp1_round2_gen788540	-14.87838	-14.349013519630002	-4.05747067516	-0.8282008741500001	0.29000000000000004
parp1_round2_gen795228	-14.8534	-12.94980051673	-4.507853074910001	-0.0	0.17400000000000002
parp1_round2_gen368890	-15.05437	-14.458914018499998	-1.94619588711	-0.41324571333000004	0.522
parp1_round2_gen7832	-15.22658	-12.928083199520001	-4.076942386720001	-0.0	0.116
parp1_round2_gen796301	-15.58016	-13.265169790770003	-4.4573828221800005	-0.5883319072800001	0.17400000000000002
parp1_round2_gen787544	-15.64674	-13.744953196640001	-4.6397005914500005	-0.0	0.17400000000000002
parp1_round2_gen1050	-15.65237	-13.311334072860001	-4.758572577990001	-0.32276248416000003	0.17400000000000002
parp1_round2_gen16904	-15.57519	-13.100019864229997	-4.291835750090001	-0.0	0.116
parp1_round2_gen3362	-15.24441	-13.094618156589998	-4.37526314764	-0.0	0.232
parp1_round2_gen1782	-15.14153	-13.824699692949999	-3.9777868933600007	-0.0	0.17400000000000002
parp1_round2_gen2787	-15.16185	-12.965529796439998	-3.9688036183200004	-0.0	0.116
parp1_round2_gen786019	-15.47682	-13.44820354086	-4.74264493957	-0.0	0.17400000000000002
parp1_round2_gen766884	-15.52141	-13.80760641397	-4.43393709154	-0.0	0.17400000000000002
parp1_round2_gen2093	-15.0008	-12.007413120899999	-5.07558792143	-0.5470231968000001	0.17400000000000002
parp1_round2_gen47004	-16.55043	-12.8699309529	-3.6774833311800004	-0.0	0.5800000000000001
parp1_round2_gen788500	-15.60561	-13.675762534829998	-3.8246458307100006	-0.84748062213	0.17400000000000002
parp1_round2_gen799810	-15.33405	-13.00869282153	-4.437787317050001	-0.57286463841	0.17400000000000002
parp1_round2_gen798851	-15.00694	-12.707807384090001	-4.72314236729	-0.21120194367000003	0.17400000000000002
parp1_round2_gen2986	-15.04417	-13.249740173140001	-4.432680919960001	-0.0	0.17400000000000002
parp1_round2_gen1318	-15.03998	-13.190883846010001	-4.4840871643	-0.0	0.17400000000000002
parp1_round2_gen3085	-14.98177	-12.75344561083	-4.36189905312	-0.49264396857000003	0.17400000000000002
parp1_round2_gen795120	-15.48378	-12.956732371570002	-4.33616787575	-0.0	0.116
parp1_round2_gen3119	-15.20483	-13.56216568948	-4.46464420932	-0.29166933789000005	0.232
parp1_round2_gen34199	-15.3684	-13.570464464179999	-4.49466292263	-0.0	0.17400000000000002
parp1_round2_gen96562	-14.85402	-12.814441507979998	-3.7791978094700003	-0.0	0.406
parp1_round2_gen785463	-15.77239	-13.919396586030002	-4.61941177219	-0.0	0.17400000000000002
parp1_round2_gen795565	-15.07027	-13.38240934355	-4.324333491010001	-0.0	0.17400000000000002
parp1_round2_gen4421	-16.01579	-14.40853551433	-4.421113059620001	-0.0	0.17400000000000002
parp1_round2_gen10483	-15.10423	-14.200670796219999	-4.43688709582	-0.0	0.232
parp1_round2_gen785857	-15.32393	-13.620104688949999	-4.39017027816	-0.0	0.17400000000000002
parp1_round2_gen2179	-15.06979	-13.324557366690001	-4.391360870710001	-0.0	0.17400000000000002
parp1_round2_gen704836	-14.91219	-13.418110463100001	-4.11078958276	-0.0	0.17400000000000002
parp1_round2_gen93781	-15.33996	-13.794763499059998	-4.234069041220001	-0.0	0.17400000000000002
parp1_round2_gen98200	-14.86093	-13.379813281840002	-4.08648746714	-0.0	0.17400000000000002
parp1_round2_gen60244	-15.89705	-11.69035140391	-3.35429549305	-0.8509523866200001	0.464
parp1_round2_gen22907	-15.76328	-13.66087001844	-3.0247815580100004	-0.0	0.116
parp1_round2_gen544957	-14.84882	-10.92999961045	-3.9229018042200003	-0.0	0.17400000000000002
parp1_round2_gen2254	-14.95557	-12.71140501106	-4.53418708839	-0.33671416041	0.17400000000000002
parp1_round2_gen8197	-15.62248	-13.766955377679999	-4.598049841530001	-0.0	0.17400000000000002
parp1_round2_gen40319	-15.06257	-13.40592002903	-3.9737953397800005	-0.31940820747000004	0.17400000000000002
parp1_round2_gen947	-14.88145	-12.937374540699999	-4.55325235024	-0.0	0.17400000000000002
parp1_round2_gen2029	-14.98994	-13.05458919264	-4.37772078316	-0.18551323620000004	0.17400000000000002
parp1_round2_gen336531	-15.00912	-11.31089406667	-3.9856135927800005	-0.587439	0.5800000000000001
parp1_round2_gen10615	-15.71599	-13.46642126747	-4.8777433524100005	-0.13212677988000002	0.17400000000000002
parp1_round2_gen796594	-15.91853	-13.61042019554	-5.092808904570001	-0.0	0.17400000000000002
parp1_round2_gen119518	-15.85489	-14.15443353283	-4.4787885890900005	-0.0	0.17400000000000002
parp1_round2_gen798234	-15.32104	-13.22614375828	-4.7809725510500005	-0.0	0.17400000000000002
parp1_round2_gen72223	-15.06713	-13.487888099640001	-4.223841167370001	-0.0	0.17400000000000002
parp1_round2_gen52960	-15.37033	-12.34095880592	-3.0328986287500004	-0.0	0.29000000000000004
parp1_round2_gen5700	-16.04649	-13.05809370835	-4.8666839925700005	-0.0	0.116
parp1_round2_gen2524	-15.47184	-13.03052884767	-4.69614519902	-0.45083593494000007	0.17400000000000002
parp1_round2_gen1581	-15.11992	-13.318364140940002	-4.45419049111	-0.0	0.17400000000000002
parp1_round2_gen794807	-15.35324	-13.322325548019998	-4.72698873521	-0.0	0.17400000000000002
parp1_round2_gen795091	-14.97832	-12.88513026777	-4.37694996654	-0.34074986634000004	0.17400000000000002
parp1_round2_gen787104	-15.19134	-13.993036979380001	-3.86070132168	-0.0	0.17400000000000002
parp1_round2_gen9193	-17.41931	-13.93604618953	-3.4812761337700002	-0.0	0.638
parp1_round2_gen55854	-16.88472	-14.08182267772	-3.79049002747	-0.0	0.464
parp1_round2_gen795705	-15.429	-13.387170395410001	-4.7446849033000005	-0.0	0.17400000000000002
parp1_round2_gen785632	-15.51159	-13.966960605339999	-4.26367218688	-0.0	0.17400000000000002
parp1_round2_gen17342	-15.64155	-13.092073644760001	-3.2789557082800003	-0.18346894848	0.754
parp1_round2_gen420	-14.99106	-13.296439452180001	-3.7352300507200002	-0.59424154362	0.17400000000000002
parp1_round2_gen794987	-15.06975	-13.47508601588	-4.23542480876	-0.0	0.17400000000000002
parp1_round2_gen790243	-14.89025	-14.92984867452	-4.3099274965	-0.0	0.29000000000000004
parp1_round2_gen214075	-15.28908	-14.321671746270003	-4.37196140129	-0.17828773650000002	0.232
parp1_round2_gen272984	-14.9195	-11.965675567749999	-2.4996748344400004	-0.45510074208	0.464
parp1_round2_gen72087	-16.68091	-13.331464822209998	-4.32362264238	-0.0	0.406
parp1_round2_gen2709	-15.27258	-13.31567550859	-4.17473334529	-0.46163306376	0.17400000000000002
parp1_round2_gen504751	-14.92791	-13.8279611385	-4.59737476328	-0.0	0.232
parp1_round2_gen5554	-15.2177	-13.6151875708	-4.271795920730001	-0.0	0.17400000000000002
parp1_round2_gen8282	-15.38333	-13.768752741010001	-4.274334916330001	-0.03751385454	0.17400000000000002
parp1_round2_gen794920	-15.03469	-13.249041499530001	-4.418224776780001	-0.0	0.17400000000000002
parp1_round2_gen3158	-15.03511	-13.41219150674	-4.25942427891	-0.0	0.17400000000000002
parp1_round2_gen1109	-15.04102	-12.962141365490002	-4.451286076530001	-0.26885320713000005	0.17400000000000002
parp1_round2_gen2206	-14.91079	-12.041969068290001	-4.38108495233	-1.09681910568	0.17400000000000002
parp1_round2_gen5148	-16.02347	-13.040104992509999	-4.85929249944	-0.0	0.116
parp1_round2_gen2999	-15.30972	-12.76635879086	-3.9550628827400005	-0.37915662816000006	0.116
parp1_round2_gen787013	-15.05701	-13.74412244	-4.388759802980001	-0.0	0.232
parp1_round2_gen794903	-14.89317	-13.10026780909	-4.399952775710001	-0.0	0.17400000000000002
parp1_round2_gen953	-15.071	-12.505414703919998	-4.7345790695700005	-0.47300588280000005	0.17400000000000002
parp1_round2_gen2706	-15.10881	-12.96317693691	-4.52574282388	-0.26934665589	0.17400000000000002
parp1_round2_gen20367	-15.06844	-12.884065767469998	-4.19693763333	-1.07199393354	0.232
parp1_round2_gen178635	-15.05833	-13.03867499372	-2.90245211876	-0.0	0.5800000000000001
parp1_round2_gen9929	-15.51388	-13.377096351969998	-4.58043012386	-0.28036113714000005	0.17400000000000002
parp1_round2_gen149442	-15.74602	-12.88055496749	-4.06707572357	-0.6375945418200001	0.522
parp1_round2_gen5111	-14.96303	-12.963733136910001	-4.62119783636	-0.0	0.17400000000000002
parp1_round2_gen795875	-15.86282	-13.331276809400002	-4.71746118929	-1.0569378719700002	0.232
parp1_round2_gen835	-15.29992	-13.59730199694	-4.38293273794	-0.0	0.17400000000000002
parp1_round2_gen30390	-15.28954	-13.49691713289	-4.38329394864	-0.53341810956	0.232
parp1_round2_gen1244	-14.86205	-12.68045318411	-4.4847727632500005	-0.31159526877	0.17400000000000002
parp1_round2_gen4617	-14.93517	-12.467413028530002	-4.215012546620001	-0.0	0.116
parp1_round2_gen203	-15.5075	-12.44945932477	-4.68001591385	-1.09991490921	0.17400000000000002
parp1_round2_gen785902	-14.9533	-13.302031158559998	-3.1998323291	-1.0738208688300002	0.17400000000000002
parp1_round2_gen1493	-16.12245	-13.380204496449998	-4.6288628676900005	-0.0	0.116
parp1_round2_gen796945	-15.00104	-13.30780494017	-4.323661218280001	-0.0	0.17400000000000002
parp1_round2_gen794770	-14.86391	-13.19105924116	-4.28158718553	-0.0	0.17400000000000002
parp1_round2_gen798633	-15.04203	-12.725637173649998	-4.948428428810001	-0.0	0.17400000000000002
parp1_round2_gen211454	-17.06569	-13.35371159916	-3.71615041058	-0.0	0.464
parp1_round2_gen77388	-15.4826	-13.48988552984	-4.70761170995	-0.0	0.17400000000000002
parp1_round2_gen52951	-14.98645	-13.37681225855	-3.3610915145600004	-0.0	0.638
parp1_round2_gen35694	-15.5463	-12.510522389530001	-3.9329627496300006	-0.46591549407000005	0.116
parp1_round2_gen798360	-14.94584	-12.82779648134	-4.74209610972	-0.0	0.17400000000000002
parp1_round2_gen798594	-15.32911	-12.657308745639998	-4.93172366135	-0.42343777998000004	0.17400000000000002
parp1_round2_gen1381	-15.2646	-13.31371241942	-4.12517137966	-0.5047922070900001	0.17400000000000002
parp1_round2_gen678	-14.94223	-12.86997619711	-4.68949471386	-0.0	0.17400000000000002
parp1_round2_gen24459	-15.15105	-13.24603220412	-4.55869365628	-0.0	0.17400000000000002
parp1_round2_gen886	-14.8703	-12.76106503311	-3.8478608073300005	-0.0	0.116
parp1_round2_gen3683	-14.96701	-13.536280244369998	-4.05426466718	-0.0	0.17400000000000002
parp1_round2_gen22124	-16.92273	-13.63960566724	-5.26159670295	-0.0	1.102
parp1_round2_gen11517	-15.36822	-12.63281761872	-4.123499289740001	-0.41126016951000005	0.116
parp1_round2_gen799907	-14.93444	-13.33435061267	-4.218934663580001	-0.0	0.17400000000000002
parp1_round2_gen1828	-14.96877	-13.81284065727	-3.7824469523200004	-0.0	0.17400000000000002
parp1_round2_gen410582	-16.50763	-13.71301378967	-3.58703126224	-1.1422046428200001	0.464
parp1_round2_gen7418	-14.9747	-13.39152995675	-4.20984477878	-0.0	0.17400000000000002
parp1_round2_gen797730	-15.09592	-12.66882873732	-5.07932978373	-0.0	0.17400000000000002
parp1_round2_gen796629	-14.97871	-12.562779003	-4.638066025360001	-0.40035142728000006	0.17400000000000002
parp1_round2_gen799644	-15.51626	-13.84917353523	-4.38940577396	-0.0	0.17400000000000002
parp1_round2_gen378	-15.35966	-13.4952864089	-4.55484974319	-0.0	0.17400000000000002
parp1_round2_gen110011	-15.5852	-12.57945540886	-3.91320031606	-0.0	0.29000000000000004
parp1_round2_gen798632	-14.98058	-12.879418421339999	-4.734369707640001	-0.0	0.17400000000000002
parp1_round2_gen758	-15.24523	-13.214028711920001	-4.7040634285300005	-0.0	0.17400000000000002
parp1_round2_gen13395	-15.00492	-13.800834437629998	-4.12311949247	-0.587439	0.232
parp1_round2_gen1279	-15.07028	-13.37322459074	-4.33958570049	-0.0	0.17400000000000002
parp1_round2_gen6323	-14.86568	-12.599537703300001	-4.14081145228	-0.30052204362000007	0.17400000000000002
parp1_round2_gen795178	-15.19222	-13.39344681204	-4.462565319	-0.0	0.17400000000000002
parp1_round2_gen796761	-14.85351	-12.922010848020001	-4.53989526952	-0.0	0.17400000000000002
parp1_round2_gen6374	-14.88514	-12.154639050490001	-4.21048513872	-0.2608816599	0.116
parp1_round2_gen797103	-15.47202	-13.3811502632	-4.452892938110001	-0.35271599877000004	0.17400000000000002
parp1_round2_gen7430	-15.77016	-12.318798814460001	-4.3749384087	-0.0	0.058
parp1_round2_gen788938	-15.06942	-13.96957642096	-4.62025868854	-0.0	0.232
parp1_round2_gen46144	-16.06332	-13.473755457140001	-4.2346974777	-0.23072254164000003	0.464
parp1_round2_gen788443	-14.98109	-13.209212071140001	-3.1468388618200005	-1.2504755249100001	0.17400000000000002
parp1_round2_gen795085	-14.95679	-12.901168315920001	-4.43450626141	-0.24195437532000003	0.17400000000000002
parp1_round2_gen1837	-14.97081	-12.72831178179	-3.9897352523500005	-0.0	0.17400000000000002
parp1_round2_gen11979	-15.18282	-12.81813101194	-4.14360855572	-0.0	0.116
parp1_round2_gen794653	-14.95737	-12.65764624889	-4.92437986206	-0.0	0.17400000000000002
parp1_round2_gen167352	-18.1663	-12.957211315469998	-4.62199881232	-0.58582354275	0.464
parp1_round2_gen785793	-14.97343	-14.408661019609996	-4.93783233046	-0.0	0.34800000000000003
parp1_round2_gen670269	-16.09101	-13.668752881219998	-4.332593643270001	-0.9113587389900001	0.17400000000000002
parp1_round2_gen796659	-14.8973	-13.14539443098	-4.36724146458	-0.0	0.17400000000000002
parp1_round2_gen3094	-15.46473	-13.723085268539998	-4.11310904642	-0.34107883218	0.17400000000000002
parp1_round2_gen798352	-15.29977	-13.207397758790002	-4.7743795790500005	-0.0	0.17400000000000002
parp1_round2_gen12464	-15.19226	-11.766613509809998	-4.75171939401	-0.45217529586000005	0.116
parp1_round2_gen796237	-15.78545	-13.383280235960001	-4.87347826063	-0.29620436697	0.17400000000000002
parp1_round2_gen795072	-15.56822	-13.754023964760002	-4.54937652436	-0.0	0.17400000000000002
parp1_round2_gen2131	-14.96978	-13.314489667679998	-4.471262431	-0.24455673009000004	0.232
parp1_round2_gen138300	-15.15744	-11.2789239501	-4.17716432837	-0.587439	0.464
parp1_round2_gen2174	-14.87378	-12.711919533669999	-4.30998500966	-0.45623449935	0.17400000000000002
parp1_round2_gen1286	-15.81921	-13.61878129118	-4.970620793390001	-0.0	0.17400000000000002
parp1_round2_gen288258	-15.00007	-14.449407591049999	-4.6266987597	-0.30116235213	0.29000000000000004
parp1_round2_gen796921	-15.00912	-13.34822443771	-4.29809942418	-0.0	0.17400000000000002
parp1_round2_gen796272	-15.6515	-13.4410013944	-4.9622052854600005	-0.0	0.17400000000000002
parp1_round2_gen796236	-15.80021	-13.42678114781	-4.858681246770001	-0.28930195872000003	0.17400000000000002
parp1_round2_gen1610	-15.46011	-13.30275101939	-4.869853528790001	-0.0	0.17400000000000002
parp1_round2_gen798249	-15.85902	-13.403636186960002	-5.0177489704200005	-0.22589379306000001	0.17400000000000002
parp1_round2_gen796701	-15.06269	-13.275327143719998	-4.43064025485	-0.0	0.17400000000000002
parp1_round2_gen796959	-14.94135	-12.95769533607	-4.53610922028	-0.07075115316000001	0.17400000000000002
parp1_round2_gen28792	-14.86385	-13.040066301880001	-3.8072284611700002	-0.18622991178000003	0.232
parp1_round2_gen796737	-15.06229	-12.72069361183	-3.62767377841	-0.47519703027000004	0.17400000000000002
parp1_round2_gen1393	-15.05111	-13.00060006528	-3.9852537848400003	-0.7062309145800001	0.17400000000000002
parp1_round2_gen798373	-15.25772	-12.752713566979999	-5.0240515711	-0.16316118225	0.17400000000000002
parp1_round2_gen788811	-15.02346	-14.40361552059	-5.00328230654	-0.0	0.29000000000000004
parp1_round2_gen35485	-15.03413	-13.95629709055	-4.535789391000001	-0.061358003550000005	0.232
parp1_round2_gen799274	-15.79117	-12.898067290419998	-4.743152037310001	-0.0	0.17400000000000002
parp1_round2_gen916	-15.05066	-13.236727135429998	-4.45645384437	-0.0	0.17400000000000002
parp1_round2_gen4905	-15.94422	-14.06702982391	-4.68288525943	-0.0	0.17400000000000002
parp1_round2_gen797666	-15.93261	-13.90962641331	-4.8173513782	-0.0	0.17400000000000002
parp1_round2_gen1795	-15.07213	-13.18753046402	-4.53408994726	-0.0	0.17400000000000002
parp1_round2_gen5583	-14.94587	-14.128873762229999	-4.015471690070001	-0.29632772916	0.232
parp1_round2_gen798173	-14.95157	-13.010037804509999	-4.570972014560001	-0.0	0.17400000000000002
parp1_round2_gen788420	-14.98416	-12.697699651659999	-4.416616863130001	-0.4991469183	0.17400000000000002
parp1_round2_gen1629	-14.87151	-12.43428111974	-4.26714962892	-0.7754077312200001	0.17400000000000002
parp1_round2_gen4785	-15.12688	-12.960151396299999	-4.822909113320001	-0.0	0.17400000000000002
parp1_round2_gen799906	-14.85218	-13.003747866680001	-4.4548536459	-0.0	0.17400000000000002
parp1_round2_gen5185	-14.88811	-13.10963646707	-4.39099334759	-0.0	0.17400000000000002
parp1_round2_gen794795	-15.56991	-13.593980422440001	-4.707568224390001	-0.0	0.17400000000000002
parp1_round2_gen2741	-15.12102	-13.12467889177	-4.643597108040001	-0.0	0.17400000000000002
parp1_round2_gen43101	-14.94598	-13.59330149195	-3.9782967966200005	-0.0	0.17400000000000002
parp1_round2_gen46178	-15.15204	-12.58064071048	-4.774858621590001	-0.44692946559	0.17400000000000002
parp1_round2_gen1860	-14.85484	-13.063134086109999	-4.39158461093	-0.0	0.17400000000000002
parp1_round2_gen1988	-15.00534	-13.132919411660001	-3.4469555062300006	-1.05770741706	0.17400000000000002
parp1_round2_gen3284	-15.43743	-13.34365576189	-4.805757216110001	-0.0	0.17400000000000002
parp1_round2_gen798613	-15.01896	-13.27465212476	-4.37869640274	-0.0	0.17400000000000002
parp1_round2_gen2699	-15.4632	-13.453694696640001	-4.72657246618	-0.0	0.17400000000000002
parp1_round2_gen15374	-15.3787	-13.707622885269998	-3.69949509041	-0.6675480564300001	0.17400000000000002
parp1_round2_gen3254	-15.3493	-12.6539363706	-4.0424537786700006	-0.0	0.116
parp1_round2_gen113186	-15.53647	-11.86833641823	-2.8168069576500003	-0.84913720011	0.29000000000000004
parp1_round2_gen4143	-15.57829	-14.12041843744	-4.18689948277	-0.0	0.17400000000000002
parp1_round2_gen1080	-15.49414	-13.37787158962	-4.83697073025	-0.0	0.17400000000000002
parp1_round2_gen3574	-15.44492	-13.646266897219999	-4.512659982740001	-0.0	0.17400000000000002
parp1_round2_gen547	-15.11928	-12.844706581780002	-4.4294296729700005	-0.4976254512900001	0.17400000000000002
parp1_round2_gen2294	-15.12236	-13.016828996000001	-4.52601601139	-0.23078715993	0.17400000000000002
parp1_round2_gen790211	-15.16438	-14.637229195989999	-4.072168443750001	-0.0	0.232
parp1_round2_gen600	-14.87723	-12.97147756637	-4.517592788280001	-0.0	0.17400000000000002
parp1_round2_gen819	-15.04773	-13.197078679299999	-4.49664642527	-0.0	0.17400000000000002
parp1_round2_gen5032	-15.23755	-13.13529677215	-4.77448583812	-0.0	0.17400000000000002
parp1_round2_gen1666	-15.60316	-13.717574992209999	-4.61848665197	-0.0	0.17400000000000002
parp1_round2_gen11328	-17.15567	-14.07218859242	-6.0968329718100005	-0.0	0.6960000000000001
parp1_round2_gen799272	-15.54308	-13.630795810979997	-4.64538176945	-0.0	0.17400000000000002
parp1_round2_gen790271	-15.07714	-14.341077202059997	-3.7447688187200003	-0.5228089612200001	0.232
parp1_round2_gen690281	-15.17638	-13.6233623641	-4.654355926550001	-0.0	0.232
parp1_round2_gen695	-14.94491	-13.35877716812	-4.206368038120001	-0.0	0.17400000000000002
parp1_round2_gen1952	-15.09401	-12.71781138714	-4.13293039591	-0.8895588777000001	0.17400000000000002
parp1_round2_gen799509	-15.3426	-13.020719661329998	-4.30403695657	-0.7072236864900001	0.17400000000000002
parp1_round2_gen277771	-15.38903	-14.429150955679999	-4.56024335539	-0.0	0.232
parp1_round2_gen13068	-15.47349	-12.56619727768	-3.8119473458100006	-0.0	0.058
parp1_round2_gen152183	-16.08858	-13.07011615075	-3.9587346070400002	-0.0	0.29000000000000004
parp1_round2_gen97482	-15.49058	-12.997830342779999	-3.3962257429	-0.0	0.34800000000000003
parp1_round2_gen64992	-15.6771	-13.264563579359999	-4.579655449650001	-0.58337392212	0.5800000000000001
parp1_round2_gen798023	-14.9111	-12.77903357325	-4.745529715510001	-0.0	0.17400000000000002
parp1_round2_gen103819	-15.81738	-12.36908986813	-3.7594634311	-0.61307483796	0.5800000000000001
parp1_round2_gen4883	-14.98935	-12.87641560063	-4.13502682073	-0.60307075179	0.17400000000000002
parp1_round2_gen1440	-15.10922	-12.972429276	-4.49303922793	-0.2917222074	0.17400000000000002
parp1_round2_gen790545	-15.49717	-14.98175998544	-4.41666315421	-0.63127369818	0.29000000000000004
parp1_round2_gen4173	-15.29287	-12.51376501078	-4.56363207286	-0.0	0.116
parp1_round2_gen2904	-15.81951	-13.95023400503	-4.64540281085	-0.0	0.17400000000000002
parp1_round2_gen401700	-15.59213	-12.872507841350002	-3.1551123403	-0.47659513509	0.6960000000000001
parp1_round2_gen58684	-15.05195	-13.33783380748	-3.31485584358	-1.04285108475	0.17400000000000002
parp1_round2_gen1198	-15.45331	-13.62288746569	-4.5440158770200005	-0.0	0.17400000000000002
parp1_round2_gen521643	-15.07144	-11.043271250579998	-3.5422130802400007	-0.48796795413000005	0.5800000000000001
parp1_round2_gen1712	-15.40168	-12.230362869259999	-4.4573933428800006	-0.5180624541000001	0.116
parp1_round2_gen2907	-15.76273	-13.35460654555	-4.2562673675300005	-0.0	0.17400000000000002
parp1_round2_gen796273	-16.00284	-13.755611549150002	-4.8967233965900006	-0.15828543855000002	0.17400000000000002
parp1_round2_gen987	-15.32195	-13.55182721376	-4.172635517710001	-0.28638238689	0.17400000000000002
parp1_round2_gen3289	-15.29622	-13.654582673510001	-4.32379868876	-0.0	0.17400000000000002
parp1_round2_gen787869	-16.6959	-14.25684179792	-5.36944790555	-0.0	0.17400000000000002
parp1_round2_gen667889	-14.89073	-13.98912640421	-4.17038268515	-0.20945724984	0.232
parp1_round2_gen451418	-15.64852	-11.611001348610001	-2.62096447784	-2.3335603067700004	0.638
parp1_round2_gen1414	-14.98237	-13.33307784987	-4.27644431668	-0.0	0.17400000000000002
parp1_round2_gen3477	-14.8974	-12.958385894750002	-4.555780474450001	-0.0	0.17400000000000002
parp1_round2_gen1168	-14.98411	-13.09153375319	-4.520573302590001	-0.0	0.17400000000000002
parp1_round2_gen1642	-14.85389	-12.45986011166	-4.99307336995	-0.0	0.17400000000000002
parp1_round2_gen299011	-15.90968	-13.587914833090002	-3.0530931124000005	-0.19767322350000002	0.116
parp1_round2_gen798500	-14.96252	-11.95187879581	-3.9015118183600004	-0.8628480263700001	0.116
parp1_round2_gen795292	-15.16537	-13.376037406170001	-4.4499222431200005	-0.0	0.17400000000000002
parp1_round2_gen797672	-14.94118	-12.797665274689997	-4.76856373609	-0.0	0.17400000000000002
parp1_round2_gen8188	-15.05391	-13.132255305820001	-4.56448214542	-0.0	0.17400000000000002
parp1_round2_gen2869	-15.36304	-13.51464859383	-4.3853293534	-0.15733966176000003	0.17400000000000002
parp1_round2_gen776114	-15.48589	-13.794910548230002	-3.76762153257	-0.64086657705	0.17400000000000002
parp1_round2_gen1429	-14.97601	-13.22644078828	-3.9221323903600003	-0.45306820314	0.17400000000000002
parp1_round2_gen4275	-14.98712	-13.229273925000001	-3.5081246094800003	-0.0	0.116
parp1_round2_gen795621	-14.89165	-13.208168331069999	-4.29632142588	-0.0	0.17400000000000002
parp1_round2_gen796693	-15.48392	-13.34695651489	-4.8498077377	-0.0	0.17400000000000002
parp1_round2_gen898	-15.11061	-13.28947126824	-4.2285390106100005	-0.24569048736000001	0.17400000000000002
parp1_round2_gen5468	-15.79926	-13.2069077887	-4.85225730735	-0.51070184343	0.17400000000000002
parp1_round2_gen2901	-14.94709	-13.010288317510001	-4.561310154370001	-0.0	0.17400000000000002
parp1_round2_gen43341	-15.04451	-13.525373731310001	-4.600144512900001	-0.0	0.232
parp1_round2_gen4825	-15.73359	-13.86459010189	-4.63824592933	-0.0	0.17400000000000002
parp1_round2_gen795671	-15.0748	-13.082554603789998	-4.436356151160001	-0.19342016514000002	0.17400000000000002
parp1_round2_gen1200	-16.0572	-14.04882153862	-4.820696610110001	-0.0	0.17400000000000002
parp1_round2_gen360037	-15.76436	-12.22175849616	-3.4109957536300004	-0.13171557258000002	0.116
parp1_round2_gen796651	-15.09165	-13.361333679960001	-4.378416902810001	-0.0	0.17400000000000002
parp1_round2_gen445	-15.13705	-13.35650998249	-4.43891653885	-0.0	0.17400000000000002
parp1_round2_gen3505	-15.00609	-13.28932511952	-3.8672760578000003	-0.47899188621	0.17400000000000002
parp1_round2_gen17580	-15.74749	-13.76648337348	-4.74432509536	-0.0	0.17400000000000002
parp1_round2_gen3880	-15.13872	-13.23162661067	-4.56120494737	-0.0	0.17400000000000002
parp1_round2_gen799190	-14.87598	-13.26067825954	-4.22231250966	-0.0	0.17400000000000002
parp1_round2_gen1476	-15.01717	-13.227302292940003	-4.423663627990001	-0.0	0.17400000000000002
parp1_round2_gen797196	-15.00913	-12.743464896089998	-4.8932897908	-0.0	0.17400000000000002
parp1_round2_gen2941	-15.48561	-13.60752587864	-4.5957486137500005	-0.0	0.17400000000000002
parp1_round2_gen796654	-15.37207	-13.36538897918	-4.70581161818	-0.0	0.17400000000000002
parp1_round2_gen798112	-15.12864	-12.821068492719998	-4.40512545321	-0.5551533525600001	0.17400000000000002
parp1_round2_gen546	-15.2391	-13.417606350040002	-4.11372415668	-0.37863968184	0.17400000000000002
parp1_round2_gen300426	-16.93682	-12.774375101	-3.4135193188700006	-0.7454542166100001	0.232
parp1_round2_gen8397	-15.46795	-12.072089088619999	-3.6617359474200004	-1.5479722576800001	0.17400000000000002
parp1_round2_gen286360	-14.88391	-13.58498857876	-4.78655097688	-0.0	0.232
parp1_round2_gen42390	-14.97051	-13.54033258019	-4.05751310865	-0.0	0.17400000000000002
parp1_round2_gen790467	-14.85621	-13.114564146800001	-3.9826351826100006	-1.2423394947600002	0.232
parp1_round2_gen7009	-15.34287	-14.634838063120002	-4.29310068892	-0.0	0.232
parp1_round2_gen311708	-15.33043	-11.048184310829999	-2.5064729600900004	-1.7746767165600001	0.34800000000000003
parp1_round2_gen141	-15.00665	-13.26135266322	-4.37340063305	-0.0	0.17400000000000002
parp1_round2_gen790216	-16.24382	-15.143857475569998	-4.90005425021	-0.0	0.232
parp1_round2_gen2488	-14.9064	-12.92868512562	-4.427144576930001	-0.16417745172	0.17400000000000002
parp1_round2_gen31599	-14.87064	-11.794626604920001	-4.81591775748	-0.0	0.638
parp1_round2_gen84326	-14.87695	-13.04151562118	-2.31574143634	-0.39489411897000004	0.522
parp1_round2_gen4722	-15.35238	-13.663845041569997	-4.38085244486	-0.0	0.17400000000000002
parp1_round2_gen3197	-15.63356	-13.24283011948	-5.132654653060001	-0.0	0.17400000000000002
parp1_round2_gen470475	-15.00895	-13.69826478672	-4.38419452056	-0.0	0.232
parp1_round2_gen797226	-15.50089	-13.827523865069999	-4.3924672976600005	-0.0	0.17400000000000002
parp1_round2_gen784754	-15.61971	-13.569174275069999	-4.792649826670001	-0.0	0.17400000000000002
parp1_round2_gen317	-15.21548	-13.1266001545	-4.75689733186	-0.0	0.17400000000000002
parp1_round2_gen2862	-15.27114	-12.96623037683	-4.98558613845	-0.0	0.17400000000000002
parp1_round2_gen1072	-15.13784	-12.626857870970001	-4.477809111920001	-0.68520059838	0.17400000000000002
