molecule_id	affinity	steric_sum	hydrophobic_value	hydrogen_value	wnrot
egfr_round2_gen25950	-14.98355	-15.233019989	-3.19281747703	-0.49635070866000003	0.29000000000000004
egfr_round2_gen394864	-14.7735	-11.41454579149	-3.7562988045400005	-0.9056370831300001	0.17400000000000002
egfr_round2_gen794973	-15.42438	-14.74374304139	-3.4096589233500003	-1.32818195583	0.29000000000000004
egfr_round2_gen799872	-15.44796	-13.928926906049998	-3.68005423957	-1.9002653003700003	0.29000000000000004
egfr_round2_gen795042	-15.2745	-14.632384440160001	-3.93813402437	-0.723724848	0.29000000000000004
egfr_round2_gen795078	-15.44731	-14.779201364310001	-4.4412223256	-0.2900773782	0.29000000000000004
egfr_round2_gen5446	-15.92458	-15.11323035254	-4.47685348167	-0.05533087941	0.232
egfr_round2_gen580	-15.09204	-14.15365838107	-3.4062744141600003	-1.50828487884	0.29000000000000004
egfr_round2_gen2266	-15.64001	-14.547174446849999	-4.228874971630001	-0.52632184644	0.232
egfr_round2_gen2041	-14.66288	-13.793848671520001	-3.69770516865	-0.6014259225900002	0.232
egfr_round2_gen14061	-16.32424	-14.93049593202	-5.214913200840001	-0.0	0.232
egfr_round2_gen11676	-15.82124	-14.90364403643	-3.8732490098800008	-0.7422056789400001	0.232
egfr_round2_gen1137	-15.17875	-14.44107265261	-3.7357013780800004	-1.44947048616	0.34800000000000003
egfr_round2_gen795139	-14.69787	-12.613912880999997	-4.0354960890700005	-1.9194980532300001	0.29000000000000004
egfr_round2_gen10365	-15.32955	-14.30339985864	-4.613970115460001	-0.0	0.232
egfr_round2_gen1667	-15.1808	-11.70120084149	-4.08461127564	-2.05404508179	0.17400000000000002
egfr_round2_gen796433	-15.99481	-14.68257511129	-4.11812777101	-1.4013416088900001	0.29000000000000004
egfr_round2_gen798637	-14.80515	-12.463152955159998	-4.33569584701	-1.8949196054700002	0.29000000000000004
egfr_round2_gen79458	-15.56608	-13.73588077012	-2.17875596061	-0.5644936326600001	0.6960000000000001
egfr_round2_gen506	-15.33084	-14.688477429179999	-3.5860994789100005	-1.0921137192900001	0.29000000000000004
egfr_round2_gen448926	-15.69615	-15.591101344990001	-2.7107719785600004	-0.1455673842	0.5800000000000001
egfr_round2_gen80	-15.94544	-15.19664719419	-3.6164043552600003	-1.31600434536	0.29000000000000004
egfr_round2_gen381	-14.85822	-14.90337524304	-3.4808181326300005	-0.39073505085000004	0.29000000000000004
egfr_round2_gen799837	-15.48754	-14.465132356419996	-3.6122129083800005	-1.49102004663	0.29000000000000004
egfr_round2_gen790	-14.93623	-14.589257861529997	-3.6148522013200006	-0.22100042619000002	0.232
egfr_round2_gen22871	-16.58321	-11.07662534175	-2.96395016923	-2.54470350654	0.638
egfr_round2_gen30	-14.80203	-12.92649245106	-3.8725139636400003	-1.8955129188600002	0.29000000000000004
egfr_round2_gen3456	-15.86234	-15.045577288230001	-3.7168945747600004	-1.27813802742	0.29000000000000004
egfr_round2_gen795170	-15.6674	-15.453160731799997	-3.3951291352700004	-0.47553774489	0.232
egfr_round2_gen11924	-15.65374	-15.367936790419996	-3.9444573157600002	-0.45713915541000005	0.29000000000000004
egfr_round2_gen798760	-14.7797	-14.35587707981	-3.7251368418300004	-0.587439	0.29000000000000004
egfr_round2_gen797980	-14.68959	-12.561402912640002	-4.11397419865	-1.8712458137700003	0.29000000000000004
egfr_round2_gen3126	-15.10248	-13.13377594935	-3.5947517025900004	-1.45824095043	0.232
egfr_round2_gen567	-14.8632	-14.65818457392	-3.9708057075300003	-0.5804837222400001	0.34800000000000003
egfr_round2_gen6694	-15.06427	-14.655096693220003	-3.83011834816	-1.85647759731	0.406
egfr_round2_gen249	-15.40923	-14.41683151577	-3.4620579710800006	-1.5862791548700002	0.29000000000000004
egfr_round2_gen798635	-15.29986	-12.95711217458	-3.9982889321400004	-1.93229834904	0.232
egfr_round2_gen94218	-15.41522	-12.99188388752	-3.2927448390800005	-0.9326181564	0.406
egfr_round2_gen554	-15.7341	-15.23923416409	-3.86550647606	-0.30230198379	0.232
egfr_round2_gen2040	-15.72909	-14.666271006129998	-4.25871483304	-0.49052331378	0.232
egfr_round2_gen108	-15.36787	-15.254322484219998	-4.057127349650001	-0.11423338794	0.29000000000000004
egfr_round2_gen184081	-14.79322	-13.98196595242	-2.2990054574700003	-0.23767194501000002	0.29000000000000004
egfr_round2_gen226644	-14.67722	-13.900883523040001	-3.3476678027400006	-0.0	0.464
egfr_round2_gen2595	-15.06541	-14.243563503519999	-3.2880718948300003	-1.4960720220300001	0.29000000000000004
egfr_round2_gen796358	-14.7736	-12.845070344829999	-3.5978184866400005	-1.3459813575300001	0.232
egfr_round2_gen90	-15.07796	-13.755319928459997	-3.90349672376	-1.3845937230000003	0.29000000000000004
egfr_round2_gen767	-15.76307	-14.508828389489999	-3.5892434147600003	-1.33794519201	0.232
egfr_round2_gen22171	-14.93578	-13.464375747880002	-3.6217039825400006	-1.3373636274000003	0.232
egfr_round2_gen127	-15.15843	-14.64831888669	-3.3636000001300004	-1.13782822227	0.29000000000000004
egfr_round2_gen8838	-15.00396	-13.7031937381	-3.31304698456	-1.9310882247000003	0.29000000000000004
egfr_round2_gen1261	-16.04797	-14.602313343999999	-3.8748919925300003	-1.3224309280200002	0.232
egfr_round2_gen794883	-15.92005	-15.10519822493	-3.4520299905300007	-1.09465145577	0.232
egfr_round2_gen79	-15.64009	-14.021470832240002	-3.4334907636800005	-2.7513586723500003	0.34800000000000003
egfr_round2_gen18710	-15.07055	-14.455278581129999	-2.3234867756800006	-0.9299746809	0.17400000000000002
egfr_round2_gen2866	-14.64743	-12.756441389110002	-3.7818879524600004	-1.53788005566	0.232
egfr_round2_gen796337	-15.05858	-13.516430467980001	-3.80049731731	-1.7044601328900002	0.29000000000000004
egfr_round2_gen3927	-15.44355	-14.21746155357	-4.3578703264000005	-1.38783051189	0.29000000000000004
egfr_round2_gen799056	-15.26378	-14.69957511034	-3.6139484731900002	-0.9659259477000002	0.29000000000000004
egfr_round2_gen438	-15.50299	-14.420051713680001	-3.3233698954000004	-1.8350067018600003	0.29000000000000004
egfr_round2_gen798505	-14.76275	-14.00696521052	-4.14589295038	-0.4911342503400001	0.29000000000000004
egfr_round2_gen8321	-14.77786	-12.990459878819998	-4.38176458955	-0.0	0.17400000000000002
egfr_round2_gen1089	-15.34179	-13.204890341339999	-4.15426918103	-2.01028675068	0.29000000000000004
egfr_round2_gen328	-14.78543	-15.018210493529999	-3.37399164621	-0.28269914436000004	0.29000000000000004
egfr_round2_gen1636	-16.33501	-14.99287238449	-4.2975007963500005	-1.3364002274400002	0.29000000000000004
egfr_round2_gen799248	-15.48897	-14.33087567042	-3.4241055979	-1.80650416158	0.29000000000000004
egfr_round2_gen2391	-15.00276	-14.66130727293	-3.11452944143	-0.73438099146	0.232
egfr_round2_gen796434	-16.00911	-14.628008325109999	-4.203574441580001	-1.38683773998	0.29000000000000004
egfr_round2_gen1115	-14.79676	-14.784673556789999	-3.12351446992	-0.34082623341	0.232
egfr_round2_gen1069	-14.93163	-13.325447826680001	-3.5134021432900004	-2.0165136040800005	0.29000000000000004
egfr_round2_gen508	-15.99658	-14.702882636	-3.7496626976700007	-1.75284160893	0.29000000000000004
egfr_round2_gen794830	-15.77983	-14.78683241672	-3.3460935553300004	-1.3387911041700002	0.232
egfr_round2_gen28	-15.19567	-15.39302916711	-3.6111843346100003	-0.1857482118	0.29000000000000004
egfr_round2_gen794836	-15.19752	-13.370927439419997	-3.61276910272	-1.76316291216	0.232
egfr_round2_gen273	-14.68005	-12.16908981891	-4.220874680660001	-2.15242349112	0.29000000000000004
egfr_round2_gen447	-15.08234	-14.86565277284	-3.4958203001400006	-0.6909633749700002	0.29000000000000004
egfr_round2_gen796435	-16.25306	-15.043092517729999	-4.17764266953	-1.3100300907300002	0.29000000000000004
egfr_round2_gen137	-15.43372	-14.616008966389998	-3.5228977764200002	-1.3506221256300002	0.29000000000000004
egfr_round2_gen1409	-15.44111	-15.096275278189998	-3.8711119050200007	-0.5364199228500001	0.29000000000000004
egfr_round2_gen294335	-15.48975	-12.299365032839999	-3.18666076339	-0.0	0.17400000000000002
egfr_round2_gen480	-15.7964	-14.95797746453	-3.6062557373500006	-1.37689239771	0.29000000000000004
egfr_round2_gen3097	-15.36698	-16.09457773322	-3.59755967742	-0.16718513940000002	0.29000000000000004
egfr_round2_gen16960	-15.48229	-14.769704643579999	-4.37603712047	-0.8713071479700001	0.29000000000000004
egfr_round2_gen90006	-17.02912	-13.932931043710003	-3.36373466509	-0.72342525411	0.232
egfr_round2_gen5159	-15.07107	-12.15931576595	-3.6367384135300003	-2.3518884035700003	0.232
egfr_round2_gen844	-15.31659	-13.34922751078	-4.1259060752100005	-1.87879440492	0.29000000000000004
egfr_round2_gen2476	-15.86892	-14.421200192970002	-4.25968098399	-1.35912236796	0.29000000000000004
egfr_round2_gen795076	-15.34494	-14.68280987818	-4.153214305510001	-0.5533969099500001	0.29000000000000004
egfr_round2_gen317	-14.90967	-13.294316513710003	-3.80320569618	-1.73204039394	0.29000000000000004
egfr_round2_gen2373	-15.41359	-14.45979881907	-3.5386567329500003	-1.02061064421	0.232
egfr_round2_gen799889	-15.36971	-14.095347002330001	-3.5569308381600004	-1.76265771462	0.29000000000000004
egfr_round2_gen4104	-15.12577	-14.35771581607	-3.71649864575	-0.58663420857	0.232
egfr_round2_gen795507	-14.96658	-13.613768633290002	-3.50385671218	-1.7960359986	0.29000000000000004
egfr_round2_gen1823	-14.82639	-13.13769965184	-3.33568507613	-1.3845526022700003	0.232
egfr_round2_gen5434	-15.56196	-13.384913676250001	-5.089906243440001	-0.72351336996	0.232
egfr_round2_gen799803	-15.46953	-14.38460953213	-3.6056381722600004	-1.5423093457200001	0.29000000000000004
egfr_round2_gen1187	-15.3383	-14.239973680470001	-3.5584886031400003	-1.1285466860700002	0.232
egfr_round2_gen28378	-16.35259	-13.8848035325	-2.4718545967400005	-0.9540596799000002	0.116
egfr_round2_gen35454	-14.81973	-13.997314760680002	-4.13901276327	-0.15228768636000004	0.232
egfr_round2_gen3032	-14.67409	-14.850192002270001	-3.5358094808400002	-0.5801136356700001	0.29000000000000004
egfr_round2_gen732	-15.01902	-12.095764352609999	-4.05758114251	-1.9344366270000002	0.232
egfr_round2_gen19105	-15.099	-14.85502427139	-3.7117208451900003	-0.07008734709	0.232
egfr_round2_gen798867	-15.41958	-15.17663793986	-3.8960442105700004	-0.40617882216000006	0.29000000000000004
egfr_round2_gen9555	-14.92427	-14.843153052309999	-3.8893888157500003	-0.55702728297	0.29000000000000004
egfr_round2_gen3195	-15.23916	-14.075917229509999	-3.0722681402200003	-2.1002471591400003	0.29000000000000004
egfr_round2_gen799084	-15.382	-12.154292016100001	-4.3336993688400005	-2.04509251143	0.232
egfr_round2_gen796112	-15.10155	-13.550471042370003	-5.078612973370001	-0.0	0.232
egfr_round2_gen3417	-14.88106	-13.644393808990001	-4.08111805255	-0.64226468187	0.232
egfr_round2_gen164882	-14.8813	-10.961096876900001	-3.7996532064800004	-0.99112120641	0.5800000000000001
egfr_round2_gen795183	-15.19614	-14.942169755709998	-3.7968943282500005	-0.45511249086000005	0.29000000000000004
egfr_round2_gen3871	-15.7047	-14.78608461428	-4.08529056217	-0.49932902439000004	0.232
egfr_round2_gen1583	-15.50571	-13.711520657500001	-4.0116796791	-1.4064347050200001	0.232
egfr_round2_gen71317	-15.16258	-11.810028874190001	-3.14791477874	-1.0851466927500002	0.5800000000000001
egfr_round2_gen154	-15.16878	-14.84564284804	-3.4504581979500006	-0.86082723621	0.29000000000000004
egfr_round2_gen1045	-15.10388	-15.038859532700002	-3.62777898541	-0.40591447461	0.29000000000000004
egfr_round2_gen103	-14.88375	-14.53657222041	-3.9837139050500006	-0.28060198713	0.29000000000000004
egfr_round2_gen1673	-14.92052	-14.342596474910001	-3.3545178305100003	-1.1461698560700002	0.29000000000000004
egfr_round2_gen799828	-15.12226	-14.545358350279995	-3.5955351440500003	-0.9532196421300001	0.29000000000000004
egfr_round2_gen6880	-14.80291	-14.443315073869998	-2.86012979749	-0.96139679301	0.232
egfr_round2_gen79189	-16.18395	-13.161940151100001	-2.9590496271700006	-0.0563354001	0.754
egfr_round2_gen795415	-14.76926	-14.537265421	-4.0647155798700005	-0.051618264930000005	0.29000000000000004
egfr_round2_gen2974	-14.84057	-13.450670820300001	-3.0498148622800003	-2.24839927494	0.29000000000000004
egfr_round2_gen794806	-14.97896	-12.584244263750001	-4.92448261423	-1.4139304266600001	0.29000000000000004
egfr_round2_gen3485	-15.73382	-14.39138866226	-4.42810336339	-0.58594690494	0.232
egfr_round2_gen798413	-15.50197	-14.50554295526	-3.67346161826	-1.40105376378	0.29000000000000004
egfr_round2_gen799066	-15.14708	-12.296397841040001	-4.289631663440001	-1.66510759428	0.232
egfr_round2_gen795505	-14.77227	-13.857204153499998	-3.58296781721	-1.6460569475100002	0.34800000000000003
egfr_round2_gen3	-15.00121	-13.62126173028	-3.9090288585100006	-1.41896477889	0.29000000000000004
egfr_round2_gen15224	-15.18578	-14.47417081235	-3.9367586181900003	-1.65248353017	0.34800000000000003
egfr_round2_gen597219	-14.89695	-12.09073928275	-1.9566597753300001	-0.8511344927100001	0.406
egfr_round2_gen110491	-15.20488	-12.27921094087	-2.7327188601400003	-0.19243914201	0.406
egfr_round2_gen795491	-14.81462	-14.61989420614	-3.3430870899600005	-0.74064896559	0.29000000000000004
egfr_round2_gen15834	-15.25154	-14.238669184059999	-1.84383368439	-0.05675248179	0.522
egfr_round2_gen857	-15.59038	-15.334085901900002	-2.86903977832	-1.4793476337	0.29000000000000004
egfr_round2_gen785369	-17.20972	-16.674063914140003	-3.1104898433200003	-0.44324622306	0.34800000000000003
egfr_round2_gen145	-15.60846	-14.84045782746	-3.55723734122	-1.31194514187	0.29000000000000004
egfr_round2_gen3217	-15.11367	-14.82574038602	-3.61226165429	-0.64927282914	0.29000000000000004
egfr_round2_gen1840	-15.24328	-11.56891941034	-3.22107046619	-3.12528121902	0.17400000000000002
egfr_round2_gen1095	-15.81767	-14.773148441310001	-4.57665459532	-0.16051770675000002	0.232
egfr_round2_gen1067	-15.67058	-14.435521166400003	-3.46050301162	-1.89884369799	0.29000000000000004
egfr_round2_gen25964	-14.99742	-14.08125204625	-4.354850534810001	-0.06524097534000001	0.232
egfr_round2_gen3729	-15.97989	-15.14696379958	-4.46654003946	-0.11008019421000001	0.232
egfr_round2_gen53	-15.4294	-14.543344295699999	-3.5261479713400004	-1.4219019738900003	0.29000000000000004
egfr_round2_gen798834	-14.71755	-13.309854962050004	-4.06524968074	-1.6358590064700003	0.34800000000000003
egfr_round2_gen1742	-15.7067	-14.64078434815	-4.17621360778	-0.56808875934	0.232
egfr_round2_gen798811	-15.26258	-13.78216366457	-3.7284175467800003	-1.7700711948	0.29000000000000004
egfr_round2_gen2183	-15.04677	-14.726706444229997	-3.4726670449600006	-1.6845929459100002	0.34800000000000003
egfr_round2_gen794978	-16.08013	-14.62754763184	-3.46388261115	-1.75263013089	0.232
egfr_round2_gen198	-14.76828	-14.864958894299999	-3.78939657605	-0.0	0.29000000000000004
egfr_round2_gen798929	-15.25239	-14.593699179210002	-3.7425002051100007	-0.9346976904600001	0.29000000000000004
egfr_round2_gen245	-15.02393	-13.869844709699997	-4.1938305199300006	-1.35435236328	0.34800000000000003
egfr_round2_gen798639	-15.01905	-13.016752762959998	-4.0380659453900005	-1.9062043086600002	0.29000000000000004
egfr_round2_gen431	-15.6976	-14.360888703719999	-3.5220855783800005	-1.9507674312000003	0.29000000000000004
egfr_round2_gen10168	-15.81247	-14.93086027923	-4.576838707570001	-0.0	0.232
egfr_round2_gen169	-15.55225	-14.85401973287	-3.52105244564	-0.81465453081	0.232
egfr_round2_gen4590	-15.47164	-14.024931453610002	-3.6330821195900005	-1.8750582928800001	0.29000000000000004
egfr_round2_gen1922	-16.1447	-14.85962122986	-4.1475082285200005	-1.3818386340900002	0.29000000000000004
egfr_round2_gen808	-15.4398	-14.026533110419997	-3.58460378606	-1.4447357278200001	0.232
egfr_round2_gen1861	-15.59701	-14.443801013229999	-3.88579494463	-0.91709214363	0.232
egfr_round2_gen3191	-15.35439	-14.323519017049996	-3.8773170138800004	-1.1887826811300002	0.29000000000000004
egfr_round2_gen794926	-14.97299	-12.944292751549998	-4.66358643804	-1.3039500970800002	0.29000000000000004
egfr_round2_gen1332	-15.11086	-14.1213769213	-4.38505055485	-0.58165272585	0.29000000000000004
egfr_round2_gen650	-14.99409	-15.29395199222	-3.7032050399200003	-0.37962070497	0.34800000000000003
egfr_round2_gen4866	-15.8015	-14.633260036300001	-4.618059160860001	-0.23679666090000004	0.232
egfr_round2_gen784	-15.69395	-14.791885673549999	-3.7359889438800007	-1.29398125725	0.29000000000000004
egfr_round2_gen159	-14.97427	-15.000861792779999	-3.5831357977200002	-0.32653384254000006	0.29000000000000004
egfr_round2_gen798409	-15.22391	-14.342484880799997	-3.54054134101	-1.3419339028200001	0.29000000000000004
egfr_round2_gen795456	-14.89362	-13.27886293582	-3.83874847837	-1.6859146836600003	0.29000000000000004
egfr_round2_gen1037	-15.42562	-14.496058154220002	-3.48883806224	-1.04102414946	0.232
egfr_round2_gen8980	-14.77655	-13.284335627859999	-3.7120154247900006	-1.6697836087200002	0.29000000000000004
egfr_round2_gen294	-14.80318	-14.176911056400002	-3.6369523344300005	-0.89206724223	0.29000000000000004
egfr_round2_gen795455	-14.81762	-13.002623745040001	-3.75442717201	-1.51274354085	0.232
egfr_round2_gen913	-15.83916	-14.712057443399999	-3.6480464125800003	-2.10870628074	0.34800000000000003
egfr_round2_gen795081	-15.3869	-14.6819198791	-4.41127269822	-0.33938113347	0.29000000000000004
egfr_round2_gen796392	-15.01975	-12.617289273529998	-3.81210655907	-1.65831092505	0.232
egfr_round2_gen795389	-15.28785	-14.401111188229999	-4.37713232534	-0.53361783882	0.29000000000000004
egfr_round2_gen797978	-15.01058	-12.71423588212	-3.8514290780800002	-1.9585157516100002	0.232
egfr_round2_gen11487	-15.02387	-14.207573240309998	-4.2316990782	-0.10112174946000001	0.232
egfr_round2_gen836	-15.33069	-14.567076580990001	-3.73710554084	-1.05165679536	0.29000000000000004
egfr_round2_gen4174	-15.36861	-15.01768759592	-3.80529230168	-0.5819464453500001	0.29000000000000004
egfr_round2_gen2194	-16.23418	-14.787849328870003	-4.257980137490001	-1.45859928822	0.29000000000000004
egfr_round2_gen142	-15.69854	-14.790056727190002	-3.6608006571900003	-1.3754120514300001	0.29000000000000004
egfr_round2_gen795374	-14.95555	-14.928154773400001	-3.3831944531900002	-0.5758077078	0.29000000000000004
egfr_round2_gen29781	-14.82585	-13.12267361157	-3.90254039213	-1.2590110135800001	0.232
egfr_round2_gen367	-15.60829	-14.803996234059998	-3.4963056551000005	-1.4152874107500002	0.29000000000000004
egfr_round2_gen11393	-14.75131	-14.573261827829999	-3.79542107956	-0.6999335685000001	0.29000000000000004
egfr_round2_gen795075	-15.33802	-14.787257146099998	-4.1006427183000005	-0.48303346653	0.29000000000000004
egfr_round2_gen798407	-15.43969	-14.606131177539998	-3.5328230048	-1.3607378252100002	0.29000000000000004
egfr_round2_gen14694	-15.80526	-14.61672439108	-4.562650842240001	-0.32403135240000003	0.232
egfr_round2_gen50	-15.09026	-12.880196245110001	-3.88316301618	-1.8549032607900002	0.232
egfr_round2_gen794856	-15.21549	-15.05008259039	-3.6867583803	-0.48786221511	0.29000000000000004
egfr_round2_gen603	-14.97836	-13.925585138620002	-3.52517235176	-1.4654253294000001	0.29000000000000004
egfr_round2_gen795169	-15.74555	-15.448163874639999	-3.6935687801000006	-0.28501952841	0.232
egfr_round2_gen283	-15.35279	-15.55189295384	-3.8449304416900003	-0.0	0.29000000000000004
egfr_round2_gen2031	-15.3492	-14.910537155559997	-3.9685605901500005	-0.5009386072500001	0.29000000000000004
egfr_round2_gen1065	-15.6373	-14.983659055049998	-3.8205308342500004	-0.48332718603	0.232
egfr_round2_gen138	-15.36728	-14.47812566325	-3.52596526185	-1.40340351978	0.29000000000000004
egfr_round2_gen563	-16.02191	-14.89701308724	-3.7211235454700007	-1.6238576277	0.29000000000000004
egfr_round2_gen1737	-15.38363	-13.819477266790003	-3.72457503645	-1.4320000503	0.232
egfr_round2_gen798412	-15.50875	-14.54363485675	-3.57618196571	-1.4658482854800001	0.29000000000000004
egfr_round2_gen798411	-14.91814	-14.91727018237	-3.5514197448100004	-0.37523841003	0.29000000000000004
egfr_round2_gen795063	-14.79074	-12.876048291669997	-3.68071669298	-1.69385098455	0.232
egfr_round2_gen267480	-15.08035	-13.713851928110001	-2.9890395839	-0.14890403772	0.232
egfr_round2_gen655	-14.77737	-13.724091824399999	-3.7201591479700005	-1.6584225384600002	0.34800000000000003
egfr_round2_gen543	-15.14759	-12.19555945627	-4.89257368182	-2.0361340666800003	0.29000000000000004
egfr_round2_gen692	-15.94308	-14.73890619699	-3.63076230524	-1.7592681915900001	0.29000000000000004
egfr_round2_gen794987	-14.78419	-13.204619260439998	-3.7352398700400005	-1.31025919194	0.232
egfr_round2_gen794886	-15.56568	-15.14769995853	-3.5636258609500002	-0.93715905987	0.29000000000000004
egfr_round2_gen8326	-14.68328	-12.288218094580001	-3.9455932006700003	-2.31558467337	0.29000000000000004
egfr_round2_gen8480	-15.19398	-14.742768835500002	-3.6928765180400007	-0.31012667127000004	0.232
egfr_round2_gen359	-14.76705	-14.80858889135	-3.3977091616	-0.45054221544	0.29000000000000004
egfr_round2_gen1096	-14.79347	-14.982888042090002	-3.3481244011200006	-0.36089314965	0.29000000000000004
egfr_round2_gen2900	-15.67261	-15.095115124989999	-4.3800546251100005	-0.31702907952000003	0.29000000000000004
egfr_round2_gen16038	-14.72415	-13.490606328790001	-3.8164372298800004	-0.0	0.17400000000000002
egfr_round2_gen9412	-16.18432	-14.307578902199996	-4.4945317645700005	-1.1652792467400002	0.232
egfr_round2_gen316760	-15.55835	-12.84508957718	-1.89791393998	-1.2711592521000001	0.6960000000000001
egfr_round2_gen3006	-15.25133	-14.912683469450002	-3.72213388336	-0.6280721556300001	0.29000000000000004
egfr_round2_gen688112	-15.25436	-12.7335987423	-2.9172715767800006	-0.49085227962000005	0.29000000000000004
egfr_round2_gen799825	-14.8788	-14.3241230313	-3.4565886098400003	-1.0107827897400001	0.29000000000000004
egfr_round2_gen4816	-14.69569	-14.742132752900002	-4.24839122082	-0.0	0.29000000000000004
egfr_round2_gen319	-15.43298	-13.519681880850001	-3.6706094564900003	-1.8583397789400002	0.232
egfr_round2_gen2536	-15.32325	-14.38946797659	-4.21947542756	-0.29302044759	0.232
egfr_round2_gen794868	-14.80305	-13.15655422626	-3.79539442712	-1.7501687614800001	0.29000000000000004
egfr_round2_gen143780	-14.83364	-14.818373040920001	-4.338007244800001	-0.0	0.29000000000000004
egfr_round2_gen798821	-14.85002	-14.54227682591	-3.3247368850200005	-1.3277589997500001	0.34800000000000003
egfr_round2_gen235	-15.06031	-14.542293711380001	-3.4481653867300004	-1.4796002324700002	0.34800000000000003
egfr_round2_gen19	-15.31075	-13.212845441110002	-4.26209793947	-1.8610067520000002	0.29000000000000004
egfr_round2_gen1198	-15.56962	-14.59581445987	-4.78600354979	-0.28895536971	0.29000000000000004
egfr_round2_gen1964	-14.81039	-14.188401334599998	-3.2387182390600002	-0.8409130541100001	0.232
egfr_round2_gen794855	-15.14187	-15.073099606229997	-3.9146560302500006	-0.13223839329	0.29000000000000004
egfr_round2_gen795096	-15.87395	-14.89502218396	-3.8472719988200006	-1.30627635552	0.29000000000000004
egfr_round2_gen932	-15.2484	-15.171115372089996	-3.8058432356700003	-0.28067835420000004	0.29000000000000004
egfr_round2_gen796546	-14.78489	-12.128048255020001	-3.3667295576900003	-2.7497608382700003	0.232
egfr_round2_gen1879	-14.82307	-13.646102872459998	-3.8257704935400003	-0.8222089963500001	0.232
egfr_round2_gen148	-14.92832	-14.855514530190002	-3.4670440815000005	-0.5343697607400001	0.29000000000000004
egfr_round2_gen1750	-15.74632	-14.49207347303	-3.6289611614000004	-1.7737191909900003	0.29000000000000004
egfr_round2_gen35	-14.71593	-13.430550205490004	-4.08237282137	-1.5016585669200002	0.34800000000000003
egfr_round2_gen91	-15.07733	-13.722207590480002	-4.108864645350001	-1.21280893623	0.29000000000000004
egfr_round2_gen794963	-14.9459	-14.40302971305	-3.8711090995	-0.59561615088	0.29000000000000004
egfr_round2_gen799490	-14.85486	-14.69861349789	-4.34941448912	-0.14989680963000002	0.29000000000000004
egfr_round2_gen795609	-15.59886	-13.59444957462	-3.8359376980200004	-1.8196627951800002	0.232
egfr_round2_gen798563	-14.91882	-13.96057810247	-3.45657808914	-1.85735875581	0.34800000000000003
egfr_round2_gen2732	-14.8529	-12.16415695708	-3.73257427535	-1.5623057692800002	0.17400000000000002
egfr_round2_gen798839	-15.05483	-13.743708823550001	-3.8459099188600003	-1.43206466859	0.29000000000000004
egfr_round2_gen340	-15.44704	-14.441669355949998	-3.6255072155900003	-1.4362296111000001	0.29000000000000004
egfr_round2_gen1695	-15.18518	-12.240310308409999	-4.51795820726	-1.5304430779200002	0.232
egfr_round2_gen229135	-15.0441	-12.60059443202	-3.06065188466	-0.25994175750000004	0.34800000000000003
egfr_round2_gen797161	-14.75581	-15.22814694314	-3.5777467444900006	-0.26682066819	0.29000000000000004
egfr_round2_gen7364	-14.85183	-13.205304289699999	-4.248949869990001	-0.0	0.17400000000000002
egfr_round2_gen796280	-15.12581	-12.09498481615	-4.53395773713	-1.5936515143200003	0.232
egfr_round2_gen3894	-15.48481	-14.38154068652	-3.8703484528900005	-0.8556166522800001	0.232
egfr_round2_gen6991	-14.65393	-13.448815846040002	-2.8089458906100004	-0.9678409988400001	0.17400000000000002
egfr_round2_gen620	-15.44865	-15.6395974969	-3.4992549580000003	-0.37395191862000005	0.29000000000000004
egfr_round2_gen798949	-15.06808	-14.33378399951	-3.4578623159200004	-1.23349853781	0.29000000000000004
egfr_round2_gen152	-15.26035	-14.99856543311	-3.6087579105	-0.21381604722000003	0.232
egfr_round2_gen2437	-16.04001	-14.542707921649999	-3.57517057575	-2.1346123406400004	0.29000000000000004
egfr_round2_gen2009	-15.17143	-14.317708187870002	-3.48448249244	-1.36054397034	0.29000000000000004
egfr_round2_gen1342	-15.16649	-14.02839602708	-3.6051822752600002	-1.52413398306	0.29000000000000004
egfr_round2_gen1322	-15.42989	-13.917498258899998	-3.5090844480100003	-2.51773418205	0.34800000000000003
egfr_round2_gen8316	-14.77599	-13.523544259249999	-3.8432499352100002	-0.0	0.17400000000000002
egfr_round2_gen443	-15.36324	-13.05759709095	-3.6304799997900004	-2.2686482972700004	0.232
egfr_round2_gen295932	-15.5772	-13.732506463360002	-2.20019434169	-0.56375345952	0.34800000000000003
egfr_round2_gen333387	-18.18325	-14.497657931370002	-2.92504532201	-0.7536372418800001	0.522
egfr_round2_gen541	-15.47022	-13.146152926669998	-4.614521750830001	-1.32452221086	0.232
egfr_round2_gen487527	-15.2143	-13.07399034157	-2.1410452128400004	-0.0	0.406
egfr_round2_gen307	-15.48182	-14.773338144350003	-3.6702373744000005	-1.1107531587600001	0.29000000000000004
egfr_round2_gen795275	-15.11381	-13.650640731319998	-4.220574139330001	-1.2064880925900001	0.29000000000000004
egfr_round2_gen798365	-15.60685	-14.19382150662	-3.5733533001700004	-1.9444230900000001	0.29000000000000004
egfr_round2_gen15613	-14.80508	-14.03963852611	-4.071370974690001	-0.58055421492	0.29000000000000004
egfr_round2_gen356	-14.9536	-14.844499158700001	-3.56047806751	-0.48649348224000005	0.29000000000000004
egfr_round2_gen5277	-15.13841	-14.657096210869998	-4.60160233123	-0.30942174447000004	0.29000000000000004
egfr_round2_gen313	-14.92214	-13.379083916379997	-3.7262264356600006	-1.7354122938000003	0.29000000000000004
egfr_round2_gen199	-15.19221	-13.4742403171	-4.28339920076	-1.42644875175	0.29000000000000004
egfr_round2_gen88944	-14.89941	-11.36816655042	-3.5339339907200005	-0.0	0.5800000000000001
egfr_round2_gen4286	-15.0111	-13.464074115710002	-3.7835134006100004	-1.2728569508100003	0.232
egfr_round2_gen895	-14.91256	-14.3592159616	-3.4459030855400004	-1.03444483266	0.29000000000000004
egfr_round2_gen396	-15.11998	-13.603354568410001	-4.0867971264100005	-1.40706326475	0.29000000000000004
egfr_round2_gen795518	-15.07965	-15.333839811530002	-3.7090454311800003	-0.00674967411	0.29000000000000004
egfr_round2_gen823	-14.8285	-13.767894986529999	-3.4241501355300006	-1.5460278345900003	0.29000000000000004
egfr_round2_gen351737	-15.79298	-12.773927084460002	-3.1663705413700005	-1.7002775672100001	0.754
egfr_round2_gen712098	-15.13019	-12.388861397860001	-3.94979622032	-0.5579906829300001	0.29000000000000004
egfr_round2_gen83	-14.84869	-13.84800820782	-4.376202295460001	-0.53130920355	0.29000000000000004
egfr_round2_gen1391	-15.66754	-14.59551346179	-3.5266441976900005	-1.6588337457600002	0.29000000000000004
egfr_round2_gen229386	-15.00776	-14.036535408209998	-2.5416566357200003	-2.37305383074	0.406
egfr_round2_gen7607	-15.50735	-14.391660265290001	-2.99517420407	-1.7485063091100002	0.232
egfr_round2_gen14671	-15.0778	-14.327902982890002	-4.24085033375	-0.9200704593600001	0.29000000000000004
egfr_round2_gen3611	-14.71148	-12.426755531909999	-3.5364203828200003	-1.33159497642	0.17400000000000002
egfr_round2_gen146	-15.30762	-13.57537753746	-3.7019316845300003	-1.61714319993	0.232
egfr_round2_gen799464	-15.73308	-14.398238875000004	-3.7092554944900007	-1.77250319226	0.29000000000000004
egfr_round2_gen798350	-14.80179	-13.46165855721	-3.35530162266	-1.87935247197	0.29000000000000004
egfr_round2_gen798992	-15.18447	-15.16844479165	-3.7763663384100004	-0.23201490744	0.29000000000000004
egfr_round2_gen258970	-14.90818	-12.021631526019998	-3.4504262851600003	-1.1750483573100001	0.522
egfr_round2_gen210	-15.57336	-15.23647481433	-3.7628777489400003	-0.21400990209000004	0.232
egfr_round2_gen798776	-15.63325	-14.111467334669998	-3.6704747915300007	-1.9639260648	0.29000000000000004
egfr_round2_gen6030	-14.89583	-14.795752351129996	-4.458516252260001	-0.0	0.29000000000000004
egfr_round2_gen727049	-15.29265	-13.7097545839	-2.0754367248800003	-0.40088599677000003	0.17400000000000002
egfr_round2_gen794828	-15.53175	-14.805367994519997	-3.34804549587	-1.4620005600300001	0.29000000000000004
egfr_round2_gen799830	-15.0212	-14.357456360279997	-3.83714757852	-0.7727113862100001	0.29000000000000004
egfr_round2_gen366662	-15.55395	-14.006492956400002	-2.45612965714	-0.0	0.29000000000000004
egfr_round2_gen795091	-15.87743	-15.073732664769999	-3.60843562639	-1.36739938347	0.29000000000000004
egfr_round2_gen798056	-15.19181	-13.691604320299998	-3.32489434483	-1.7245681698600002	0.232
egfr_round2_gen429	-15.60382	-13.475344266019997	-4.736099661410001	-1.49295859533	0.29000000000000004
egfr_round2_gen791	-15.47345	-13.405347038590001	-3.5670012522000003	-2.1195386559	0.232
egfr_round2_gen686	-15.1674	-14.218767983540001	-3.7462006859900003	-1.1922896919600001	0.29000000000000004
egfr_round2_gen12689	-14.7996	-12.6288187162	-4.82152634265	-0.8064303848100001	0.232
egfr_round2_gen794875	-15.58599	-15.05411081222	-3.7871763576600004	-0.84863787696	0.29000000000000004
egfr_round2_gen181215	-15.05537	-12.38002685052	-3.60370972795	-0.83737667133	0.464
egfr_round2_gen794876	-15.5433	-14.972194437040002	-3.5152418630300004	-1.13862126492	0.29000000000000004
egfr_round2_gen60	-15.18286	-13.29750254475	-4.57983921121	-1.30020223626	0.29000000000000004
egfr_round2_gen199829	-14.77953	-12.795996121149999	-2.32198652386	-0.5273733622500001	0.9860000000000001
egfr_round2_gen550	-15.0397	-14.66189299014	-3.4984438120300005	-0.8301511716300001	0.29000000000000004
egfr_round2_gen15873	-16.06443	-14.64750438667	-5.16586885365	-0.0	0.232
egfr_round2_gen721	-15.50978	-14.544900527340001	-3.5561239004700007	-1.49066170884	0.29000000000000004
egfr_round2_gen435	-15.02376	-14.874710759700001	-3.8251059359900004	-0.27308864232	0.29000000000000004
egfr_round2_gen1312	-14.84552	-14.0698653912	-3.93358697783	-0.74858526648	0.29000000000000004
egfr_round2_gen251639	-14.82805	-12.412900397860001	-1.6303290534200001	-0.78011311761	0.29000000000000004
egfr_round2_gen722962	-14.94441	-13.33318956015	-2.9891100725900004	-0.37354071132000005	0.812
egfr_round2_gen323812	-15.00889	-12.21006887379	-2.5143768113100005	-1.16081471034	0.116
egfr_round2_gen798142	-15.34342	-14.348869599029996	-4.2896477951800005	-0.7462942543800001	0.29000000000000004
egfr_round2_gen795033	-15.17348	-14.632725866600001	-3.8098463620200005	-0.7217862993	0.29000000000000004
egfr_round2_gen1080	-14.84947	-13.898785420350002	-3.8882094452800002	-0.96085047474	0.29000000000000004
egfr_round2_gen798467	-15.01255	-12.797753377989999	-3.8598291556500004	-1.8568300607100003	0.232
egfr_round2_gen799055	-15.43038	-14.65655032567	-3.70158590419	-1.13514950043	0.29000000000000004
egfr_round2_gen391	-15.34058	-14.335909561249998	-3.3679141885100004	-1.6822138179600001	0.29000000000000004
egfr_round2_gen1459	-14.91356	-13.61300637456	-3.4500005475	-1.76789179611	0.29000000000000004
egfr_round2_gen1536	-15.32833	-14.449222742529997	-4.2784460552	-0.19001301894000003	0.232
egfr_round2_gen761	-15.11298	-11.99859776455	-3.8421186092700004	-2.3692002309	0.232
egfr_round2_gen796384	-15.20714	-13.93402469891	-4.04184463014	-1.2344678121600001	0.29000000000000004
egfr_round2_gen82	-15.85984	-15.10931502005	-3.5759848779300003	-1.34137583577	0.29000000000000004
egfr_round2_gen2065	-14.97445	-13.76138384199	-4.26703319984	-0.8849651047200001	0.29000000000000004
egfr_round2_gen10153	-15.05074	-14.958723344589998	-4.48599386583	-0.44701170705000004	0.34800000000000003
egfr_round2_gen13	-15.26265	-13.523879500310002	-3.71519898861	-1.5978575775600001	0.232
egfr_round2_gen795194	-15.01341	-14.747504359410001	-3.8691908252	-0.34826321115000003	0.29000000000000004
egfr_round2_gen3029	-14.76452	-14.601094862890001	-3.6193189398500003	-0.0	0.232
egfr_round2_gen341	-15.46037	-14.60035325519	-3.6077223229300004	-1.7697716009100002	0.34800000000000003
egfr_round2_gen796289	-14.97202	-12.11093949748	-4.40101431434	-1.5217372319400002	0.232
egfr_round2_gen8473	-15.37099	-13.683938045360001	-4.466828657330001	-1.7066630291400002	0.29000000000000004
egfr_round2_gen4737	-15.99433	-14.97304843892	-4.27264704536	-0.48852602118000005	0.232
egfr_round2_gen8333	-14.84641	-12.0178977639	-2.5843654173700004	-2.8447438501800004	0.17400000000000002
egfr_round2_gen665	-14.91211	-14.5433379515	-3.8675460891000006	-0.0	0.232
egfr_round2_gen540	-15.07244	-14.703028438719999	-3.40909115624	-0.9199529715600001	0.29000000000000004
egfr_round2_gen5615	-15.32597	-14.519505381029997	-4.111874617620001	-0.27752968116000004	0.232
egfr_round2_gen2142	-14.65202	-13.894268194959999	-3.6148101185200003	-0.5692871349	0.232
egfr_round2_gen29620	-16.00588	-12.32112439401	-3.9678595608400005	-0.18193573269000002	0.6960000000000001
egfr_round2_gen795084	-15.77423	-14.731550952579997	-3.8416953264400004	-1.35370030599	0.29000000000000004
egfr_round2_gen248	-14.75894	-13.257256111710003	-3.7804960638500003	-1.16839854783	0.232
egfr_round2_gen7371	-15.27308	-14.538599089529997	-3.8507557532800005	-0.46032894918	0.232
egfr_round2_gen2660	-15.12388	-14.063295393009998	-3.4959013095300002	-1.0989221373	0.232
egfr_round2_gen4497	-16.44452	-15.449727993269999	-3.6028414195100003	-1.7252554734900003	0.29000000000000004
egfr_round2_gen1354	-14.94337	-14.38324712483	-4.08546099751	-0.40394067957	0.29000000000000004
egfr_round2_gen3723	-15.06424	-12.39321389497	-3.7322151687900003	-2.4647883049800003	0.232
egfr_round2_gen262	-15.12307	-13.137631264559996	-3.92109540003	-1.6025394663900001	0.232
egfr_round2_gen10429	-15.24524	-14.96260301688	-3.3393841542500002	-0.5032589913000001	0.232
egfr_round2_gen1126	-14.99871	-13.73522514033	-3.9458130833	-1.2751479629100002	0.29000000000000004
egfr_round2_gen984	-15.00169	-14.314634700849998	-3.4032921464	-1.22782387707	0.29000000000000004
egfr_round2_gen25	-15.33355	-14.98554878004	-4.08612836058	-0.29068244037	0.29000000000000004
egfr_round2_gen797918	-14.96728	-12.739491780129999	-4.5805128867	-1.58139753678	0.29000000000000004
egfr_round2_gen799974	-15.12452	-14.567223187579998	-4.15709574243	-0.38182947561	0.29000000000000004
egfr_round2_gen88	-16.26934	-15.558099801060001	-3.49960985628	-1.4924005282800001	0.29000000000000004
egfr_round2_gen3716	-15.18995	-13.807120271410001	-3.3041135075000003	-1.1889177921	0.232
egfr_round2_gen794885	-15.59085	-15.279603743220001	-3.5914071720600003	-0.81725688558	0.29000000000000004
egfr_round2_gen15765	-16.359	-13.256030946589998	-2.6473447824000003	-0.46265520762	0.522
egfr_round2_gen795111	-15.48385	-14.2876492652	-3.6048158042100003	-1.66131273834	0.29000000000000004
egfr_round2_gen795093	-15.67724	-15.427543398589998	-3.4974832721200007	-0.42429544092000004	0.232
egfr_round2_gen798141	-15.35284	-14.41610564225	-4.01994053274	-0.9571966041600001	0.29000000000000004
egfr_round2_gen2707	-14.83861	-15.10622953548	-3.93542880171	-0.14394017817000002	0.34800000000000003
egfr_round2_gen503	-15.02047	-15.07957879354	-3.3636266525700003	-0.5271971305500001	0.29000000000000004
egfr_round2_gen3247	-14.92169	-14.025100534860002	-3.97938884528	-0.41071972563000003	0.232
egfr_round2_gen798552	-14.8298	-14.633965479019999	-3.5044307917100004	-0.5963210776800001	0.29000000000000004
egfr_round2_gen303	-15.43244	-14.814446303419997	-3.3169456052900004	-1.3593044740500002	0.29000000000000004
egfr_round2_gen999	-14.93526	-13.766170058400002	-3.6152411165300005	-1.9199386324800003	0.34800000000000003
egfr_round2_gen115	-15.17858	-14.59898447486	-3.8003914089300004	-0.77613615558	0.29000000000000004
egfr_round2_gen9731	-16.24889	-15.07948487819	-4.9680186735900005	-0.0	0.232
egfr_round2_gen1656	-15.08184	-13.994609175070002	-2.7147680911100003	-1.4554976103000001	0.232
egfr_round2_gen51	-14.65169	-12.03136257726	-4.585306819	-1.89968961015	0.29000000000000004
egfr_round2_gen798324	-15.25494	-13.936769088850001	-3.5559962493100006	-1.7731904958900002	0.29000000000000004
egfr_round2_gen797984	-15.10545	-13.02521008914	-4.10792444546	-1.9469667008700002	0.29000000000000004
egfr_round2_gen68	-15.55527	-14.56171094227	-3.71092021992	-1.3826258023500002	0.29000000000000004
egfr_round2_gen798783	-14.69753	-13.600966263540002	-4.39438627334	-0.9915852832200001	0.34800000000000003
egfr_round2_gen310	-15.84244	-14.628045910449998	-3.56763109144	-1.81061036019	0.29000000000000004
egfr_round2_gen799686	-15.67882	-15.041275481	-3.57748057078	-1.18964034207	0.29000000000000004
egfr_round2_gen795309	-15.71584	-14.393513437369997	-3.59958982183	-1.8559136558700002	0.29000000000000004
egfr_round2_gen577	-15.24812	-14.642902289530001	-3.8365345724000006	-0.7828799553000001	0.29000000000000004
egfr_round2_gen460	-14.87384	-13.47691577585	-4.0373764888500006	-0.83078560575	0.232
egfr_round2_gen798566	-15.34777	-13.99448222288	-3.57679707597	-1.3696551492300002	0.232
egfr_round2_gen798410	-15.40494	-14.501705876180003	-3.5195805997100007	-1.4390551926900002	0.29000000000000004
egfr_round2_gen43	-15.23589	-15.481477963479998	-3.3652773504000004	-0.40103873091000003	0.29000000000000004
egfr_round2_gen1230	-15.47458	-14.601975563509999	-3.6044591524800005	-1.3412994687000002	0.29000000000000004
egfr_round2_gen634380	-15.58218	-13.801756237660001	-3.2657851946400003	-0.33642044091000006	0.928
egfr_round2_gen876	-15.98144	-14.52565711738	-3.4305481238900004	-1.76016109887	0.232
egfr_round2_gen817	-15.41041	-14.391823186480003	-3.8667086413800003	-0.7517280651300001	0.232
egfr_round2_gen1916	-15.24135	-13.672406371469998	-3.7093603508000004	-1.86661092006	0.29000000000000004
egfr_round2_gen4047	-15.53513	-14.876498071250001	-3.8532814226600003	-0.43941024639	0.232
egfr_round2_gen799989	-15.04016	-13.61809412406	-3.6095294285000006	-1.7730730080900001	0.29000000000000004
egfr_round2_gen7014	-15.09712	-14.27113798636	-4.10751483954	-0.25286311755	0.232
egfr_round2_gen822	-15.15567	-14.3494047844	-3.8913986201400004	-0.90594255141	0.29000000000000004
egfr_round2_gen796617	-15.03831	-14.35092641437	-3.6408565662000005	-0.56777741667	0.232
egfr_round2_gen784443	-14.99471	-14.41885968335	-3.87399422613	-1.5192582393600003	0.34800000000000003
egfr_round2_gen795400	-15.03524	-14.906506631389998	-3.8193875848500003	-0.26176869279000003	0.29000000000000004
egfr_round2_gen1683	-14.85436	-12.52402757883	-3.6872668808	-1.6816557509100003	0.232
egfr_round2_gen255	-15.66069	-14.294283079499998	-3.50916370395	-1.9866070845900003	0.29000000000000004
egfr_round2_gen2999	-14.89223	-13.95371443286	-3.76818263657	-0.65272697046	0.232
egfr_round2_gen48	-15.26188	-12.920862795610002	-3.88523068442	-2.01860488692	0.232
egfr_round2_gen4444	-14.83994	-13.876046630400001	-4.2413255187	-0.6188376145500001	0.29000000000000004
egfr_round2_gen76	-15.168	-12.887414863249997	-3.9640152970600004	-1.86151782393	0.232
egfr_round2_gen6	-14.83205	-13.923008895089998	-3.9538189853100003	-1.27823789205	0.34800000000000003
egfr_round2_gen767614	-15.12978	-14.122018605229998	-2.2125961428500003	-0.5612509693800001	0.406
egfr_round2_gen166	-15.22461	-13.537312860289997	-4.2081365677900004	-1.48603268952	0.29000000000000004
egfr_round2_gen96	-14.66494	-12.629052136930001	-3.7091657178500004	-1.32619641201	0.232
egfr_round2_gen795371	-14.95738	-14.79385628284	-3.4848763173100004	-0.6063604101900001	0.29000000000000004
egfr_round2_gen21021	-15.16678	-14.48732606328	-5.11299251683	-0.0	0.29000000000000004
egfr_round2_gen670807	-15.07947	-13.809564783589998	-3.03227650469	-0.0	0.464
egfr_round2_gen1102	-14.91035	-11.87520326016	-4.023499685550001	-1.6317410590800001	0.17400000000000002
egfr_round2_gen275	-15.25857	-13.5633983136	-3.4462744662500002	-2.26250368533	0.29000000000000004
egfr_round2_gen276	-15.13087	-13.018609934210001	-4.2373984920800005	-1.8481888330200003	0.29000000000000004
egfr_round2_gen795544	-14.76258	-14.136223501959998	-3.6751536975100003	-0.8311086972000001	0.29000000000000004
egfr_round2_gen2589	-15.2495	-14.865062085360002	-4.181683670400001	-0.21735243	0.29000000000000004
egfr_round2_gen12413	-15.35685	-13.812646091049999	-5.129067094360001	-0.0	0.232
egfr_round2_gen795018	-14.86293	-13.05093443293	-4.280715720880001	-1.4419160206200001	0.29000000000000004
egfr_round2_gen795871	-14.67551	-13.83433484503	-3.7394285114000003	-0.5350864363200001	0.232
egfr_round2_gen73	-16.26486	-15.188290317440002	-3.48021038686	-1.40495435874	0.232
egfr_round2_gen271	-14.82704	-12.753126078829997	-3.4695704522600006	-2.07643238208	0.232
egfr_round2_gen518	-15.37269	-13.40037876922	-3.9869886482700005	-1.5789067954200002	0.232
egfr_round2_gen795044	-15.40884	-15.03469900272	-3.63284540384	-0.34065587610000003	0.232
egfr_round2_gen795407	-15.15899	-14.743306075329999	-3.3820035099500005	-1.0247579635500002	0.29000000000000004
egfr_round2_gen798829	-14.82516	-13.91924676923	-3.9404468249200004	-1.3001611155300001	0.34800000000000003
egfr_round2_gen22688	-15.42647	-13.64564152018	-3.86422750963	-2.87094362958	0.34800000000000003
egfr_round2_gen2669	-14.8784	-14.3686317294	-3.48082760126	-1.3722457552200003	0.29000000000000004
egfr_round2_gen3092	-15.27364	-14.74704412939	-3.50643779058	-0.5947526155500001	0.232
egfr_round2_gen774310	-15.5785	-13.3484461814	-2.7889460399100003	-0.35051310252	0.232
egfr_round2_gen4569	-14.90002	-13.958879797120002	-3.4311569217300004	-1.43031997476	0.29000000000000004
egfr_round2_gen798678	-15.85472	-14.407346028030002	-3.61315380965	-1.9936152318600002	0.29000000000000004
egfr_round2_gen799065	-15.13929	-11.90688894461	-3.8700142453200006	-2.4583264759800003	0.232
egfr_round2_gen795182	-14.77006	-12.45931551785	-3.5755345919700003	-1.33224703371	0.17400000000000002
egfr_round2_gen2	-14.82562	-13.46842517796	-4.251687356130001	-1.44509406561	0.34800000000000003
egfr_round2_gen167	-15.10114	-13.289349898520001	-3.72544930662	-1.6209263070900002	0.232
egfr_round2_gen21153	-15.53069	-13.722073526219999	-4.5356911978	-0.0	0.17400000000000002
egfr_round2_gen773	-14.97369	-14.319267327450001	-4.46502120107	-0.12916021293000002	0.29000000000000004
egfr_round2_gen795814	-15.11912	-14.279810487249998	-3.2382006206200002	-1.1374581357	0.232
egfr_round2_gen798153	-14.98238	-11.725926397130001	-3.18598638652	-2.6972202941100005	0.17400000000000002
egfr_round2_gen104	-14.9056	-14.736569489169998	-3.7288061113	-0.35861976072	0.29000000000000004
egfr_round2_gen1036	-15.01164	-12.36879820133	-3.78826770494	-1.91489253147	0.232
egfr_round2_gen743	-15.13929	-14.62841718562	-4.0907893813700005	-0.3903532155	0.29000000000000004
egfr_round2_gen10880	-15.80413	-12.7936556901	-4.00337709335	-2.6957634453900003	0.232
egfr_round2_gen696	-14.89426	-14.62251504292	-3.4051020574900006	-0.7898881025700001	0.29000000000000004
egfr_round2_gen1301	-15.58858	-14.739774802279998	-2.95984358933	-1.9821425481900001	0.29000000000000004
egfr_round2_gen795132	-15.19214	-14.67341778582	-4.4301317543500005	-0.08571322449000002	0.29000000000000004
egfr_round2_gen795556	-14.76625	-13.969271683950002	-3.49016086492	-1.18865931894	0.29000000000000004
egfr_round2_gen719	-15.07735	-15.085099719999999	-3.49635334894	-0.46615634406000006	0.29000000000000004
egfr_round2_gen798341	-15.19675	-14.12482721719	-3.52259407888	-1.9924814745900001	0.29000000000000004
egfr_round2_gen18937	-15.24337	-14.485327293809998	-4.317702644490001	-0.0	0.232
egfr_round2_gen799886	-14.82905	-14.611916654209999	-3.5754591936200004	-0.9781799252400001	0.34800000000000003
egfr_round2_gen515	-15.65987	-13.69717748108	-4.17913695962	-1.8977921821800001	0.29000000000000004
egfr_round2_gen798781	-14.72239	-13.675607945980003	-4.07074885063	-1.2911967963900002	0.34800000000000003
egfr_round2_gen798634	-15.10069	-12.681375456000001	-3.9639609401100007	-2.00198036322	0.232
egfr_round2_gen11733	-14.69229	-13.859645224	-3.28701631793	-0.9848356091100001	0.232
egfr_round2_gen818	-15.27013	-12.30086761503	-3.82917955103	-2.2685778045900005	0.232
egfr_round2_gen1355	-15.12179	-13.45526716026	-4.49505429267	-1.15926974577	0.29000000000000004
egfr_round2_gen720	-15.10087	-14.954412914319999	-3.7862929695500003	-0.33802414938	0.29000000000000004
egfr_round2_gen468	-15.28313	-14.45752788129	-4.844519332500001	-0.0	0.29000000000000004
egfr_round2_gen795072	-15.17946	-15.158457240220004	-3.7377052207400006	-0.27678950802	0.29000000000000004
egfr_round2_gen1099	-14.85268	-13.77347423821	-3.42031744452	-1.57121134452	0.29000000000000004
egfr_round2_gen795121	-15.13361	-14.773080834739996	-4.0884983236000005	-0.25950705264	0.29000000000000004
egfr_round2_gen798332	-15.5038	-14.125705364329999	-3.6676047445700006	-1.7990025655500002	0.29000000000000004
egfr_round2_gen490	-14.94129	-12.916372587680002	-4.10378981036	-1.84472881731	0.29000000000000004
egfr_round2_gen304	-15.0197	-12.760025361300002	-3.77223766504	-1.9974570829200002	0.232
egfr_round2_gen110	-15.39928	-13.893342028589998	-4.15206404231	-1.39018026789	0.29000000000000004
egfr_round2_gen17054	-15.41621	-13.73362061164	-3.82549730603	-1.9149865217100002	0.29000000000000004
egfr_round2_gen795421	-15.10402	-14.834634668859998	-4.16962203854	-0.07207289091	0.29000000000000004
egfr_round2_gen3909	-15.42164	-13.988544730680001	-4.098328164300001	-1.38734293752	0.29000000000000004
egfr_round2_gen5820	-14.81313	-14.25641429525	-4.6034637937500005	-1.5820437196800001	0.406
egfr_round2_gen84	-15.61418	-14.881766927040001	-3.4653923316000004	-1.38599182782	0.29000000000000004
egfr_round2_gen799184	-15.27952	-12.068700568720002	-3.48612021474	-2.41279407909	0.17400000000000002
egfr_round2_gen408	-15.00571	-14.630506324629998	-4.0631914811300005	-0.25715142225	0.29000000000000004
egfr_round2_gen519	-15.21094	-15.130976839699999	-3.6229801434500004	-0.45330317874000003	0.29000000000000004
egfr_round2_gen795001	-15.77368	-14.29266183132	-3.4989007611000003	-1.6751997963000003	0.232
egfr_round2_gen1	-15.41477	-15.350123649370003	-3.4914685879300005	-0.61917832917	0.29000000000000004
egfr_round2_gen1428	-14.64638	-11.40651017619	-3.1864650783700004	-2.6209530887400003	0.17400000000000002
egfr_round2_gen2353	-15.37853	-16.02121251063	-2.8294651132000004	-0.12498939603	0.232
egfr_round2_gen246	-15.00013	-12.819728530829996	-4.273392962990001	-1.8466497428400002	0.29000000000000004
egfr_round2_gen6149	-14.92834	-14.33712083184	-4.08993895812	-0.0	0.232
egfr_round2_gen7054	-15.12654	-13.448054058270001	-4.329891576820001	-0.0	0.17400000000000002
egfr_round2_gen143	-14.89486	-14.44508772489	-3.7763898346400007	-0.59871195441	0.29000000000000004
egfr_round2_gen795332	-14.95842	-14.778977448949998	-3.8041076708600006	-0.30812350428	0.29000000000000004
egfr_round2_gen8095	-15.78978	-14.228581177249998	-4.50056398326	-0.7582780099800001	0.232
egfr_round2_gen89	-15.01873	-13.120031760739998	-3.8859755499800004	-1.5247507940100002	0.232
egfr_round2_gen2910	-15.13764	-14.39229258961	-3.9069668013100003	-1.70444838411	0.34800000000000003
egfr_round2_gen472	-15.32711	-15.11889897944	-3.7398083086700002	-0.49845374028000006	0.29000000000000004
egfr_round2_gen30811	-15.14164	-14.7493296944	-4.81833716779	-0.0	0.29000000000000004
egfr_round2_gen1575	-15.51036	-14.78835665047	-3.9861189370700005	-0.82531067427	0.29000000000000004
egfr_round2_gen2941	-15.71102	-14.287486675289998	-4.42891906833	-1.12044002787	0.29000000000000004
egfr_round2_gen25968	-15.18817	-11.297238626719999	-3.1527511445300003	-1.62559644714	0.5800000000000001
egfr_round2_gen517	-15.67243	-14.933618691149999	-4.3491206109	-0.5134980530700001	0.29000000000000004
egfr_round2_gen3035	-14.97351	-14.534585079509998	-3.89497250193	-1.35828233019	0.34800000000000003
egfr_round2_gen105	-15.46821	-15.220610729759999	-3.8726545903300003	-0.0	0.232
egfr_round2_gen788908	-15.47353	-15.83468819041	-3.2557982448200002	-0.0	1.044
egfr_round2_gen317016	-15.61291	-13.190017705999999	-3.33793229765	-0.0	0.34800000000000003
egfr_round2_gen795035	-15.40864	-14.588029370349998	-3.4021678342600006	-1.47463637292	0.29000000000000004
egfr_round2_gen796670	-15.42422	-14.89893541592	-4.12817854641	-0.0	0.232
egfr_round2_gen798406	-15.00115	-14.98674807716	-3.57158932947	-0.3922917642	0.29000000000000004
egfr_round2_gen426	-14.93832	-14.390261706499999	-3.9317293729	-0.5365080387000001	0.29000000000000004
egfr_round2_gen2684	-14.86681	-14.664540625659999	-3.91710735335	-1.06506802773	0.34800000000000003
egfr_round2_gen799463	-15.91311	-14.69450978974	-3.6538692693400003	-1.7498632932000002	0.29000000000000004
egfr_round2_gen796	-14.88287	-12.369652280219999	-3.39242005502	-2.60606151009	0.232
egfr_round2_gen2625	-14.8031	-11.71443171485	-3.52215887259	-3.02772522429	0.232
egfr_round2_gen795223	-15.96548	-14.81135623825	-4.01502631377	-1.34673915384	0.29000000000000004
egfr_round2_gen1792	-15.61204	-15.07833481835	-3.4343678393700006	-0.7497190237500001	0.232
egfr_round2_gen1611	-15.3578	-14.194194512089998	-3.35196691145	-1.8608716410300001	0.29000000000000004
egfr_round2_gen316	-15.52752	-15.067989857990003	-3.9011783121700003	-0.18409750821	0.232
egfr_round2_gen2370	-14.80573	-14.29529222027	-3.4877158542400006	-1.34891855253	0.29000000000000004
egfr_round2_gen877	-14.94583	-14.544576348909999	-3.3543863217600003	-0.53757130329	0.232
egfr_round2_gen4836	-14.67763	-14.09070025399	-3.60512581417	-0.40668989409	0.232
egfr_round2_gen794972	-15.51459	-14.815060305590002	-3.40318097767	-1.3714350894	0.29000000000000004
egfr_round2_gen668	-14.78354	-14.387644155270001	-3.6145506079200005	-0.67356343179	0.29000000000000004
egfr_round2_gen5564	-14.7857	-14.8728588524	-3.6205523165800004	-1.04517734319	0.34800000000000003
egfr_round2_gen12781	-15.11768	-11.933044405929998	-3.57282340758	-1.3767396635700002	0.406
egfr_round2_gen241917	-15.98237	-14.748727277010001	-2.4959287638600003	-0.6066423809100001	0.754
egfr_round2_gen3188	-14.83128	-12.885087342860002	-3.9371843558500004	-0.61507213056	0.17400000000000002
egfr_round2_gen264	-14.82069	-12.54464232956	-4.61786102101	-2.41564903263	0.34800000000000003
egfr_round2_gen76058	-15.85873	-13.468391827369999	-2.5399389561000003	-0.31378054185000004	0.638
egfr_round2_gen795061	-15.63748	-14.447445925449998	-3.9459579182700004	-1.3579063692300002	0.29000000000000004
egfr_round2_gen2528	-15.82047	-14.52322507299	-3.7229439772600004	-1.7342785365300002	0.29000000000000004
egfr_round2_gen5471	-15.63293	-14.89902957764	-4.391056471790001	-0.0	0.232
egfr_round2_gen4494	-15.1647	-13.99714588417	-3.76090161079	-1.4051305904400002	0.29000000000000004
egfr_round2_gen1070	-15.71222	-14.517607782540003	-3.5036747040700003	-1.81698407334	0.29000000000000004
egfr_round2_gen795302	-15.53444	-14.72293456238	-3.5433149482200004	-1.3587052862700002	0.29000000000000004
egfr_round2_gen133	-14.67908	-12.572891340599998	-4.03751185519	-1.4988682316700002	0.232
egfr_round2_gen795274	-15.03794	-13.238926938779999	-4.0749476620000005	-1.67911214004	0.29000000000000004
egfr_round2_gen796391	-14.99049	-12.57936663081	-3.8114209601200004	-1.66523683086	0.232
egfr_round2_gen795135	-14.85053	-12.939044025549999	-4.05802441467	-1.7446762068300001	0.29000000000000004
egfr_round2_gen790812	-15.41254	-14.25022351699	-3.8128479177300005	-1.40224039056	0.29000000000000004
egfr_round2_gen8110	-15.70828	-14.48173819373	-4.0650603081400005	-0.83372867514	0.232
egfr_round2_gen827	-15.02027	-12.49341172899	-3.66695877359	-2.3723136576000003	0.232
egfr_round2_gen1860	-16.0262	-14.56379148765	-3.3794985312800003	-1.8346894848000002	0.232
egfr_round2_gen914	-15.14318	-13.16545280215	-3.63506912913	-1.87961681952	0.232
egfr_round2_gen770706	-15.9371	-14.488382919319998	-2.5976327214500006	-0.71494263495	0.812
egfr_round2_gen798980	-14.8083	-14.52810459405	-3.6979436378500004	-0.47818709478000004	0.29000000000000004
egfr_round2_gen675	-15.86485	-15.270423688999998	-3.8012583146100005	-0.48553595667000005	0.232
egfr_round2_gen165	-15.78239	-14.571032555190003	-3.50196193411	-1.8579403204200002	0.29000000000000004
egfr_round2_gen5710	-14.91445	-15.155503997439999	-4.03831212977	-0.9606037503600001	0.34800000000000003
egfr_round2_gen119886	-15.42805	-12.98698199759	-2.4450524121100004	-0.0	0.464
egfr_round2_gen2367	-15.06944	-13.67128818346	-3.5822930896500003	-1.78063334802	0.29000000000000004
egfr_round2_gen14631	-16.04319	-14.920718831479999	-4.87568795832	-0.0	0.232
egfr_round2_gen797988	-15.25337	-13.132246456409998	-4.0392509269	-2.09578849713	0.29000000000000004
egfr_round2_gen1297	-15.49942	-14.721240900100002	-3.4494699535300004	-1.40301581004	0.29000000000000004
egfr_round2_gen872	-15.20882	-14.35395954701	-3.7023563701200004	-1.60214588226	0.34800000000000003
egfr_round2_gen798325	-14.76886	-13.369022499410002	-3.4644840445000002	-1.82625386076	0.29000000000000004
egfr_round2_gen798293	-15.8644	-14.425465806399998	-3.583490696	-2.03690948616	0.29000000000000004
egfr_round2_gen794857	-14.92432	-15.0484013104	-3.8013985906100003	-0.0	0.29000000000000004
egfr_round2_gen261	-15.48919	-14.53978835661	-3.6523493788800003	-1.37826700497	0.29000000000000004
egfr_round2_gen12815	-14.95419	-13.530827349909998	-3.5153610976300005	-1.39961453823	0.232
egfr_round2_gen795297	-14.84904	-15.100520223490001	-3.62068382533	-0.03306106692	0.29000000000000004
egfr_round2_gen29143	-16.12333	-15.566468105399998	-4.32824087899	-0.0	0.232
egfr_round2_gen8166	-14.78718	-13.286395886070004	-4.530304599400001	-0.0	0.29000000000000004
egfr_round2_gen795638	-14.67445	-13.17576069954	-4.92854360443	-0.0	0.232
egfr_round2_gen5862	-15.59743	-13.47379897986	-3.1527827066300005	-2.60624361618	0.232
egfr_round2_gen6745	-15.20683	-14.369782243569999	-4.02576900054	-1.69611849909	0.34800000000000003
egfr_round2_gen570	-14.88605	-14.319758376929999	-3.4856573039400005	-1.0003674962700002	0.29000000000000004
egfr_round2_gen11696	-15.18762	-13.969753322019999	-4.04207257864	-0.7257867588900001	0.232
egfr_round2_gen401912	-15.1205	-14.37548969222	-3.8960287802100004	-0.38174135976	0.34800000000000003
egfr_round2_gen292	-14.76591	-13.40890435802	-4.3160295025	-1.7864254965600002	0.406
egfr_round2_gen692412	-15.15105	-12.792402636939999	-1.68752974863	-1.11078253071	0.464
egfr_round2_gen6807	-15.79473	-14.85949953381	-3.8398966374300003	-0.7872093807300001	0.232
egfr_round2_gen213	-15.02087	-14.85751677455	-4.01052801314	-0.10459351395000002	0.29000000000000004
egfr_round2_gen3450	-15.04758	-12.54458355841	-3.1370258542400005	-2.4446567704500004	0.232
egfr_round2_gen798547	-14.95531	-14.891666749209998	-3.4426641127	-0.56036393649	0.29000000000000004
egfr_round2_gen1534	-15.14643	-12.694545060709999	-3.7686353773600003	-1.7830770942600003	0.232
egfr_round2_gen3502	-14.85091	-12.219964883189999	-3.2434788558100003	-2.42931873816	0.232
egfr_round2_gen482083	-16.41559	-13.97885084786	-3.39560677505	-0.0	0.6960000000000001
egfr_round2_gen795000	-15.64429	-14.521435891880003	-3.4865322754900006	-1.74981042369	0.29000000000000004
egfr_round2_gen4037	-16.40345	-15.540791840199997	-3.74094910324	-1.4301613662300001	0.29000000000000004
egfr_round2_gen796390	-15.17484	-12.74397198185	-3.7647984780700003	-1.7710052228100002	0.232
egfr_round2_gen140146	-15.06349	-12.563893422909999	-2.50031624645	-0.0	0.406
egfr_round2_gen10438	-15.27645	-15.24764180953	-3.2737455069500006	-1.66824451854	0.34800000000000003
egfr_round2_gen798855	-15.39107	-14.596998934549998	-3.66785513723	-1.17798555231	0.29000000000000004
egfr_round2_gen796895	-15.09745	-12.65518749981	-4.810545888060001	-1.60883093808	0.29000000000000004
egfr_round2_gen1945	-15.2922	-15.022982266330002	-4.25302313434	-0.04368783843000001	0.29000000000000004
egfr_round2_gen795614	-15.43608	-13.519419235850002	-4.10420292318	-1.8753990075	0.29000000000000004
egfr_round2_gen798590	-14.75309	-12.299565392879998	-4.4002747091300005	-1.93494182454	0.29000000000000004
egfr_round2_gen520	-15.0964	-14.1567428715	-3.4777439840900004	-1.43231726736	0.29000000000000004
egfr_round2_gen780	-14.88449	-13.91164214355	-3.5916680854200003	-1.73174080005	0.34800000000000003
egfr_round2_gen795168	-15.01895	-14.404883869419999	-3.6751228367900004	-0.45525347622	0.232
egfr_round2_gen798504	-14.88533	-14.453723355300001	-3.7296070872600002	-1.04778557235	0.34800000000000003
egfr_round2_gen77	-15.1377	-14.31234655247	-3.4422068129400003	-1.3683216627	0.29000000000000004
egfr_round2_gen798302	-15.6256	-14.179505249199998	-3.57116078629	-1.9922582477700002	0.29000000000000004
egfr_round2_gen919	-15.14871	-14.4207351759	-3.8912572920700006	-0.82271419389	0.29000000000000004
egfr_round2_gen52	-15.01142	-14.92906237713	-3.4848640431600004	-0.55412533431	0.29000000000000004
egfr_round2_gen794805	-15.1098	-13.139040278469999	-4.57086294997	-1.37318565762	0.29000000000000004
egfr_round2_gen760	-14.80384	-14.298245465660003	-4.01626074257	-0.38439070965	0.29000000000000004
egfr_round2_gen528	-15.16433	-14.1349226046	-4.964092348350001	-0.05722830738000001	0.29000000000000004
egfr_round2_gen11587	-15.03729	-14.045343034100002	-4.507236912580001	-0.0	0.232
egfr_round2_gen795257	-15.48067	-15.218952681589997	-4.037049295080001	-0.29318493051	0.29000000000000004
egfr_round2_gen3197	-15.77111	-14.37158660551	-4.25708096833	-0.83506216167	0.232
egfr_round2_gen8511	-15.02973	-13.858040506470001	-4.68084213949	-0.0	0.232
egfr_round2_gen1865	-15.1203	-12.38716484886	-3.3720838926100005	-2.01228404328	0.17400000000000002
egfr_round2_gen585641	-14.97212	-14.885819149439998	-4.59883433506	-0.7357497243300001	0.34800000000000003
egfr_round2_gen795098	-16.05342	-14.740536650020003	-4.25975813579	-1.2733327764000002	0.29000000000000004
egfr_round2_gen1421	-15.34483	-14.366162532539999	-4.19692395642	-0.8161525002600001	0.29000000000000004
egfr_round2_gen1562	-15.02	-13.12727246874	-4.14958817091	-0.81987098913	0.232
egfr_round2_gen197	-14.85269	-14.917657591169998	-3.61209612861	-0.2316271977	0.29000000000000004
egfr_round2_gen771614	-14.75695	-13.94005867651	-3.8619371532400004	-2.14485140241	0.34800000000000003
egfr_round2_gen5898	-14.89409	-13.626993408250001	-3.6863084450300003	-1.06680684717	0.232
egfr_round2_gen9973	-14.66025	-14.502892290090001	-3.62351178949	-0.82136308419	0.29000000000000004
egfr_round2_gen1483	-14.78054	-13.65817411551	-3.5494867415300004	-1.0278008975700001	0.232
egfr_round2_gen379	-15.04962	-14.81203188975	-3.5754605963800006	-0.61914895722	0.29000000000000004
egfr_round2_gen860	-15.47108	-14.247508157599999	-3.3452210386100005	-1.9502504848800002	0.29000000000000004
egfr_round2_gen799949	-14.95502	-11.98659811401	-4.3365185657500005	-1.6899797615400003	0.232
egfr_round2_gen794984	-14.94282	-13.41438060886	-4.032343736660001	-1.41462947907	0.29000000000000004
egfr_round2_gen8596	-15.06036	-14.78661498986	-3.9711248354300004	-0.7007324855400001	0.29000000000000004
egfr_round2_gen795341	-15.02751	-15.02554711762	-3.55340079262	-0.40567949901000006	0.29000000000000004
egfr_round2_gen759	-15.68542	-14.460527539500001	-3.64536538753	-1.70158755618	0.29000000000000004
egfr_round2_gen798549	-15.0421	-14.800149039049998	-3.46886626674	-0.73214872326	0.29000000000000004
egfr_round2_gen798693	-15.29254	-14.7378788746	-3.59247291897	-0.98500596642	0.29000000000000004
egfr_round2_gen2529	-15.80538	-15.28816717479	-3.7745771180300003	-0.43154443818000005	0.232
egfr_round2_gen812	-15.39666	-13.207217777389996	-4.15310979989	-2.10055850181	0.29000000000000004
egfr_round2_gen522	-14.83967	-12.652200013490003	-4.77754701113	-1.30312768248	0.29000000000000004
egfr_round2_gen798819	-14.80349	-14.51694738015	-3.36394788461	-1.24686277506	0.34800000000000003
egfr_round2_gen794961	-14.9657	-14.580188762479999	-3.78365332592	-0.54940819914	0.29000000000000004
egfr_round2_gen622	-15.02088	-15.243158623100001	-3.69320651733	-0.033296042520000006	0.29000000000000004
egfr_round2_gen236	-15.46958	-14.68040639107	-3.4883134300000003	-1.3721223930300002	0.29000000000000004
egfr_round2_gen31	-15.68407	-15.398167686560003	-3.66726808217	-0.28704619296000006	0.232
egfr_round2_gen30297	-15.00953	-13.244943662130002	-2.7052714059100005	-1.24937113959	0.464
egfr_round2_gen1557	-14.76045	-14.52609321901	-3.8424023174800004	-0.70450384392	0.34800000000000003
egfr_round2_gen799950	-15.46912	-15.11186462162	-3.9782778593600003	-0.4480397253000001	0.29000000000000004
egfr_round2_gen795253	-15.43844	-14.44512771595	-3.6025272012700005	-1.45370592135	0.29000000000000004
egfr_round2_gen204	-14.84285	-12.492174988519999	-3.70389028818	-2.1089471307300003	0.232
egfr_round2_gen361	-15.07463	-14.89723531306	-3.5444283889700006	-0.5977544288400001	0.29000000000000004
egfr_round2_gen3011	-14.87242	-12.556579557380001	-3.5606453466400003	-1.3670292969000002	0.17400000000000002
egfr_round2_gen795068	-15.31595	-15.393633962860001	-3.7754499854400003	-0.17499220371000002	0.29000000000000004
egfr_round2_gen335	-14.86365	-14.92107155071	-3.4610907680600005	-0.39334328001	0.29000000000000004
egfr_round2_gen497	-14.99752	-14.9126998672	-3.5738859982800006	-0.45284497632000004	0.29000000000000004
egfr_round2_gen177	-14.98572	-12.805766205229997	-4.161853904350001	-1.9690779048300002	0.29000000000000004
egfr_round2_gen795492	-15.97761	-15.082250230829999	-3.92231860675	-1.17977136687	0.29000000000000004
egfr_round2_gen794976	-14.86419	-13.31485987512	-4.0154110207	-1.44337874373	0.29000000000000004
egfr_round2_gen795094	-15.52817	-15.61531506472	-3.6447737735000003	-0.35626413033	0.29000000000000004
egfr_round2_gen233	-15.04026	-14.849765474529999	-3.7102125275000004	-0.0	0.232
egfr_round2_gen440	-15.25851	-13.922138020200002	-4.17241212818	-1.1852815446900002	0.29000000000000004
egfr_round2_gen11506	-14.87183	-13.74273843709	-2.68356369491	-2.78880203421	0.29000000000000004
egfr_round2_gen796574	-14.98701	-14.001078849039999	-4.34612396485	-0.14422802328	0.232
egfr_round2_gen880	-15.32927	-14.87932691043	-4.22186047025	-0.25806782709	0.29000000000000004
egfr_round2_gen412	-15.13062	-15.03682978538	-3.63155521533	-0.0	0.232
egfr_round2_gen926	-14.99863	-13.728866497959999	-3.1709495007000004	-2.03309113266	0.29000000000000004
egfr_round2_gen2548	-15.12374	-14.490224096320002	-3.4409913214000003	-0.7297284745800001	0.232
egfr_round2_gen1662	-15.12823	-14.214073066260001	-4.02397171429	-0.42253899831	0.232
egfr_round2_gen795486	-15.25036	-14.83984707114	-3.7436185555200003	-0.23858834985000002	0.232
egfr_round2_gen2659	-15.20747	-13.71642265948	-3.4256984318800003	-1.6207089546600002	0.232
egfr_round2_gen278942	-17.17006	-15.20431825757	-3.6442880678500003	-0.32064182937	0.29000000000000004
egfr_round2_gen798459	-15.20647	-12.979788256079999	-3.82795424017	-1.9545446639700002	0.232
egfr_round2_gen816	-15.70718	-14.88082321909	-3.7843971394100007	-0.7170574153500001	0.232
egfr_round2_gen4	-15.36152	-15.32994515893	-3.5305081001100005	-0.54911447964	0.29000000000000004
egfr_round2_gen798462	-15.16372	-13.158397472779995	-3.7043791500400003	-1.84553948313	0.232
egfr_round2_gen2138	-15.40543	-14.605744405300001	-4.55877186015	-0.29232139518	0.29000000000000004
egfr_round2_gen5450	-15.04604	-14.51039044554	-3.4945918330700003	-1.8806037170400003	0.34800000000000003
egfr_round2_gen432	-14.90624	-14.793161480989998	-3.8646690283400003	-0.17159680629000001	0.29000000000000004
egfr_round2_gen820	-14.7889	-11.726486744779999	-3.7896830897800005	-2.30025251547	0.232
egfr_round2_gen796422	-16.15464	-14.83160252728	-4.3136988167600006	-1.2619952037	0.29000000000000004
egfr_round2_gen2922	-15.0356	-13.086446056969997	-4.3528842159800005	-1.99375621722	0.29000000000000004
egfr_round2_gen63099	-15.25174	-12.752758139789998	-1.90932609396	-0.59504046066	0.638
egfr_round2_gen795048	-15.70382	-15.58705681344	-3.4250731516100004	-0.35860213755000003	0.232
egfr_round2_gen2993	-15.64591	-14.38569869938	-4.09593260091	-0.8265854169000001	0.232
egfr_round2_gen366	-15.0579	-14.248582826050004	-3.4225001390800003	-1.3407883967700003	0.29000000000000004
egfr_round2_gen3146	-14.95546	-14.533539380189998	-3.4794560526700002	-1.3238995255200001	0.29000000000000004
egfr_round2_gen606	-14.98056	-15.28709370024	-3.57775095277	-0.06373125711000001	0.29000000000000004
egfr_round2_gen352	-14.7132	-12.615944944830002	-4.12914995771	-1.41469997175	0.232
egfr_round2_gen796436	-15.52241	-14.510636331530002	-3.7004875431100004	-1.39503838842	0.29000000000000004
egfr_round2_gen1263	-15.5621	-14.38920963279	-3.5094249680000003	-1.7611186244400001	0.29000000000000004
egfr_round2_gen170	-15.04645	-14.42817665026	-3.4765544436100004	-1.09361168874	0.29000000000000004
egfr_round2_gen1324	-15.95684	-14.319398896799997	-3.53282440756	-1.8422909454600003	0.232
egfr_round2_gen214	-15.36057	-15.434652077460001	-3.47366721284	-0.49176281007000006	0.29000000000000004
egfr_round2_gen795840	-14.74534	-12.70845343593	-3.8401330024900004	-2.08557293292	0.29000000000000004
egfr_round2_gen64	-15.19979	-14.50613736639	-3.9721474474700007	-0.7151129922600001	0.29000000000000004
egfr_round2_gen744	-15.2519	-14.880347839379999	-3.35376349632	-0.5787625259700001	0.232
egfr_round2_gen174	-15.73508	-13.99365396032	-4.06538715122	-2.2783292919900004	0.34800000000000003
egfr_round2_gen61	-15.58014	-14.174273873420002	-3.20210234547	-2.30797146393	0.29000000000000004
egfr_round2_gen86010	-14.8154	-13.74432290092	-2.06633176041	-0.7371537035400001	0.17400000000000002
egfr_round2_gen190	-15.76905	-14.558483472269998	-3.9177578833	-1.44299103399	0.29000000000000004
egfr_round2_gen3934	-14.78202	-13.73512817386	-4.224775405530001	-0.27529153857	0.232
egfr_round2_gen798317	-15.72782	-14.33358905151	-3.5134140667500002	-2.0118904591500004	0.29000000000000004
egfr_round2_gen798966	-15.02205	-14.28427632373	-3.5850021699	-1.10773959669	0.29000000000000004
egfr_round2_gen462	-14.93703	-14.681765618240002	-3.8440582756600006	-0.34166627118000004	0.29000000000000004
egfr_round2_gen824	-14.9308	-13.686482972480002	-3.3135575892	-1.8547975217700003	0.29000000000000004
egfr_round2_gen797538	-15.5962	-14.019681809349999	-5.21759808348	-0.0	0.232
egfr_round2_gen78781	-14.73199	-13.31041298768	-2.9126407153300002	-0.23202078183000002	0.406
egfr_round2_gen130100	-15.16784	-12.993547691889999	-2.67664878949	-0.38338031457000005	0.464
egfr_round2_gen463	-15.42958	-14.79177338939	-3.2078985497900003	-1.49129026857	0.29000000000000004
egfr_round2_gen23009	-14.75634	-12.839281457140002	-3.4820911373300003	-1.8839814912900001	0.232
egfr_round2_gen722	-15.48966	-14.070941495020001	-3.55238519438	-1.9422789376500003	0.29000000000000004
egfr_round2_gen42025	-15.30784	-14.396918061469997	-3.8842161382500002	-1.51212085551	0.29000000000000004
egfr_round2_gen627	-14.93372	-14.348491912370001	-2.96952403609	-1.5478841418300002	0.29000000000000004
egfr_round2_gen897	-15.3631	-13.648171545580002	-3.31439503692	-2.8988234845200003	0.34800000000000003
egfr_round2_gen799477	-15.87361	-14.71114727299	-3.5578138755800004	-1.7780897371500002	0.29000000000000004
egfr_round2_gen798729	-15.09129	-14.842369004779997	-4.22456814774	-0.0	0.29000000000000004
egfr_round2_gen794888	-15.4925	-15.032621363479999	-3.5515414342400002	-0.97944879348	0.29000000000000004
egfr_round2_gen1740	-14.77647	-12.74688110508	-3.7040140817500005	-2.21544982143	0.29000000000000004
egfr_round2_gen708	-15.05126	-14.565415550729998	-4.328267531430001	-0.56390619366	0.34800000000000003
egfr_round2_gen2004	-15.35241	-13.956100887020002	-4.1184577703	-1.31240921868	0.29000000000000004
egfr_round2_gen117	-15.94692	-15.283058688799999	-3.51904369332	-0.8799072549300001	0.232
egfr_round2_gen841	-15.19092	-13.81878725537	-3.5819571286300005	-1.79603012421	0.29000000000000004
egfr_round2_gen531	-16.38358	-15.044344769020002	-3.7618102485800007	-1.8947727457200003	0.29000000000000004
egfr_round2_gen612	-14.91256	-15.041121243429998	-3.4666295659200004	-0.32998210947	0.29000000000000004
egfr_round2_gen84304	-14.91073	-14.227051388880001	-3.66271752873	-0.51114242268	0.232
egfr_round2_gen607	-15.29059	-14.505167426069999	-3.7545474586800003	-0.61039611612	0.232
egfr_round2_gen6591	-14.92745	-13.92097032492	-3.7479211711300002	-0.7497777676500001	0.232
egfr_round2_gen644	-14.85097	-14.388571978269997	-3.5928835769600003	-0.7785916506	0.29000000000000004
egfr_round2_gen1640	-15.12502	-13.588842676830001	-3.4330993936400005	-2.08603700973	0.29000000000000004
egfr_round2_gen2696	-15.65291	-14.872339733070001	-4.074653433090001	-0.37535589783000006	0.232
egfr_round2_gen135	-14.81409	-15.077112120210003	-3.6256744947200006	-0.0	0.29000000000000004
egfr_round2_gen311	-15.12461	-14.307104923139999	-3.7604365958500003	-1.03112580231	0.29000000000000004
egfr_round2_gen240	-14.90307	-14.496897969090002	-3.52454391528	-0.806553747	0.29000000000000004
egfr_round2_gen794956	-14.85552	-13.297604760229998	-3.54062270109	-1.92572490663	0.29000000000000004
egfr_round2_gen3775	-15.08183	-12.38061429201	-3.63978415618	-1.7056643828400002	0.17400000000000002
egfr_round2_gen10585	-15.07026	-13.91490189224	-4.6795105695600006	-0.0	0.232
egfr_round2_gen2123	-15.99624	-14.642296804209998	-3.6056080129200003	-1.48622654439	0.232
egfr_round2_gen795225	-15.48497	-14.64866466011	-3.5813970767000005	-1.3319415654300002	0.29000000000000004
egfr_round2_gen783	-15.04067	-13.87526590346	-3.5304358579700006	-1.58472244152	0.29000000000000004
egfr_round2_gen728	-15.3355	-14.766912033330001	-4.60516043197	-0.0	0.29000000000000004
egfr_round2_gen308	-14.99844	-13.15158493901	-3.5329243542100004	-2.2570698745800004	0.29000000000000004
egfr_round2_gen1521	-16.27953	-14.23595801207	-3.785453067	-2.0605127851800003	0.232
egfr_round2_gen4271	-15.44961	-15.371247568109998	-3.4315304065800003	-0.26128699281	0.232
egfr_round2_gen17838	-14.95469	-12.616547950620001	-4.76179296426	-1.0790901966600002	0.232
egfr_round2_gen178997	-16.83595	-14.19937973583	-3.6175553198400006	-0.0	0.406
egfr_round2_gen8616	-15.10825	-13.669797730910002	-5.053344356110001	-0.36647969454	0.29000000000000004
egfr_round2_gen806	-16.32959	-14.979027100860002	-3.8825678952500002	-1.27689265674	0.232
egfr_round2_gen1000	-15.15929	-14.705155467400001	-4.44604220896	-0.0	0.29000000000000004
egfr_round2_gen1101	-15.37999	-13.399359206100002	-4.35900340579	-1.2110054985	0.232
egfr_round2_gen2119	-14.9957	-14.115810693299998	-3.5241009938100003	-0.8673595578900001	0.232
egfr_round2_gen284819	-15.45488	-12.91049633071	-2.0132183571500004	-0.5283132646500001	0.406
egfr_round2_gen1776	-14.80197	-12.71049466783	-3.5633467117100004	-1.9846626615	0.232
egfr_round2_gen173866	-14.78434	-13.020107018100001	-2.6283380857800003	-0.0	0.34800000000000003
egfr_round2_gen788610	-15.68641	-14.77945661255	-3.6973225658600004	-1.34238623085	0.29000000000000004
egfr_round2_gen114	-15.16326	-13.353321057839999	-3.5794956355200003	-1.78233104673	0.232
egfr_round2_gen1315	-14.82113	-12.01106012807	-4.12909314593	-1.7037023365800001	0.232
egfr_round2_gen187271	-15.59256	-12.972064369849999	-2.61936778627	-0.0	0.17400000000000002
egfr_round2_gen795324	-14.94795	-14.93006404275	-3.6150170256200007	-0.33083389602	0.29000000000000004
egfr_round2_gen798836	-14.6977	-13.28609019072	-4.0388444771900005	-1.65934481769	0.34800000000000003
egfr_round2_gen19378	-15.12534	-13.691731438900002	-4.96756382866	-0.0	0.232
egfr_round2_gen798408	-15.54308	-14.6440394523	-3.5457575040700005	-1.43907281586	0.29000000000000004
egfr_round2_gen4671	-14.97512	-13.97263670468	-4.49870637833	-0.42972337728	0.29000000000000004
egfr_round2_gen795804	-15.57824	-13.45483080328	-3.6879878994400004	-2.08654808166	0.232
egfr_round2_gen794912	-15.11461	-13.842124280739998	-4.3183805282600005	-1.3682276724600002	0.34800000000000003
egfr_round2_gen798548	-15.02714	-14.808158052269999	-3.4841998363	-0.6887898506700001	0.29000000000000004
egfr_round2_gen799369	-15.29198	-14.523362293640002	-3.35044105926	-1.4426855657100002	0.29000000000000004
egfr_round2_gen2024	-14.80683	-14.03741477005	-3.2415686473800003	-1.4254736030100001	0.29000000000000004
egfr_round2_gen244	-14.95199	-14.671203805560001	-3.2983372925100003	-0.48277499337	0.232
egfr_round2_gen795162	-14.89414	-14.605314673420002	-3.9262473868200005	-0.28419711381	0.29000000000000004
egfr_round2_gen884	-15.59958	-14.274787030249998	-3.6496988638600003	-1.7748705714300002	0.29000000000000004
egfr_round2_gen258	-14.7863	-14.883183395329997	-3.51947749685	-0.26761958523	0.29000000000000004
egfr_round2_gen8072	-14.95751	-13.955299509059998	-4.55934032864	-0.37872192330000004	0.29000000000000004
egfr_round2_gen149	-14.92727	-14.753050997839999	-3.4806287600300005	-0.18528413499000002	0.232
egfr_round2_gen95	-15.20145	-14.24485912491	-3.43991400172	-1.5144001188300003	0.29000000000000004
egfr_round2_gen1360	-15.66285	-14.15137908866	-3.4573808185500003	-2.178223812	0.29000000000000004
egfr_round2_gen799839	-15.60926	-14.7598457506	-3.60491399741	-1.3514856609600001	0.29000000000000004
egfr_round2_gen536	-15.23375	-13.010266435240004	-4.79600943687	-1.43181206982	0.29000000000000004
egfr_round2_gen1720	-15.9017	-15.025793740539998	-3.67426084077	-1.38321911574	0.29000000000000004
egfr_round2_gen569	-15.41541	-14.53376446621	-3.4377085123100004	-1.04959488447	0.232
egfr_round2_gen795391	-14.93427	-14.433674674280002	-3.5098941912200003	-1.35405276939	0.34800000000000003
egfr_round2_gen799887	-15.16719	-14.97070156807	-3.55135802337	-0.6362258089500001	0.29000000000000004
egfr_round2_gen799890	-15.35248	-14.335750973569999	-3.5923235250300003	-1.9101342755700002	0.34800000000000003
egfr_round2_gen2930	-14.74804	-13.766604541689999	-3.5549715331300002	-0.8772990257700001	0.232
egfr_round2_gen13444	-15.22944	-14.794860633599999	-3.8699925025400006	-0.12428446923000001	0.232
egfr_round2_gen795263	-15.66048	-14.75866437481	-3.64569678958	-1.37238674058	0.29000000000000004
egfr_round2_gen416	-14.87109	-13.406550289370003	-3.50575815336	-1.86584137497	0.29000000000000004
egfr_round2_gen2490	-15.84939	-14.5533241752	-3.5978977425800003	-1.40698689768	0.232
egfr_round2_gen85	-15.47974	-14.746299851709997	-3.79916715014	-0.5512527576	0.232
egfr_round2_gen481	-15.1424	-14.691919201	-4.02779563805	-1.2930061085100002	0.34800000000000003
egfr_round2_gen1697	-14.80857	-13.746483741419997	-2.97278475171	-1.98157273236	0.29000000000000004
egfr_round2_gen5429	-15.17196	-14.529871513470002	-3.75770507144	-0.87814493793	0.29000000000000004
egfr_round2_gen795476	-15.91421	-15.16628398871	-3.5081516126100003	-1.4301613662300001	0.29000000000000004
egfr_round2_gen798304	-15.5908	-14.342682582480002	-3.5700108737800003	-1.78029850779	0.29000000000000004
egfr_round2_gen5683	-15.31077	-12.839034092019999	-4.159440105080001	-1.8909015227100001	0.232
egfr_round2_gen1442	-14.75382	-12.04031388108	-4.64601616766	-1.51581584682	0.232
egfr_round2_gen1365	-15.55851	-13.41440314485	-4.29216645076	-1.9474190289000002	0.29000000000000004
egfr_round2_gen1580	-15.64994	-14.733517751059997	-4.14490716079	-0.8796252842100001	0.29000000000000004
egfr_round2_gen781110	-14.72751	-13.62324858337	-3.68940854463	-0.0	0.522
egfr_round2_gen1447	-14.89109	-13.62742770095	-3.6884581747300005	-1.92202404093	0.34800000000000003
egfr_round2_gen966	-15.34369	-14.77179275306	-3.7701735037	-0.83919185784	0.29000000000000004
egfr_round2_gen651	-14.82999	-13.64806268625	-3.8925183733100006	-1.62119652903	0.34800000000000003
egfr_round2_gen362	-14.9049	-14.182347304579999	-3.7295078419900007	-0.91226926944	0.29000000000000004
egfr_round2_gen2851	-15.15941	-13.60655726679	-3.3496460450300005	-1.30919592735	0.232
egfr_round2_gen3007	-15.02014	-14.620062188829998	-3.03994048395	-0.86739480423	0.232
egfr_round2_gen2995	-14.8818	-13.87984539368	-3.8937538541800003	-0.58241052216	0.232
egfr_round2_gen795107	-15.39971	-15.32038511495	-3.82401423802	-0.30988582128000003	0.29000000000000004
egfr_round2_gen18617	-14.71445	-13.332127502479999	-3.8410037657600005	-1.8453573770400002	0.29000000000000004
egfr_round2_gen406	-15.04327	-14.476471535080002	-3.7128100883300004	-0.8065596213900001	0.29000000000000004
egfr_round2_gen798979	-15.13654	-14.642317491319996	-3.67706776353	-0.7978772729700001	0.29000000000000004
egfr_round2_gen109	-15.34487	-14.89930193022	-3.6010823584700002	-0.8773988904000001	0.29000000000000004
egfr_round2_gen795679	-15.60543	-14.112549359300003	-5.06629498712	-0.07916327964	0.232
egfr_round2_gen3049	-15.1854	-12.33982140914	-3.2255116043500003	-2.7228267601200002	0.232
egfr_round2_gen368	-14.76924	-13.748397340169998	-3.5483164890000003	-1.7953369461900002	0.34800000000000003
egfr_round2_gen549	-15.65513	-14.004982719060001	-3.4296436943800006	-2.33942294799	0.29000000000000004
egfr_round2_gen799479	-15.62302	-14.14080611549	-3.75014174021	-1.84537500021	0.29000000000000004
egfr_round2_gen662	-15.31825	-14.379210366090003	-3.5552513837500004	-1.4083262586000003	0.29000000000000004
egfr_round2_gen225	-15.12863	-13.249520069059999	-4.01212610747	-1.8510849072900002	0.29000000000000004
egfr_round2_gen576945	-14.85276	-14.11785756285	-1.4601363909	-0.14339385990000003	0.6960000000000001
egfr_round2_gen798568	-14.9213	-13.878145916329998	-3.5630163617300004	-1.3983397956	0.29000000000000004
egfr_round2_gen242	-15.53529	-14.098763975379999	-3.7670197485300005	-1.3086378603000002	0.232
egfr_round2_gen22848	-16.15722	-15.320397972069998	-4.61732236117	-0.0	0.232
egfr_round2_gen74	-14.96094	-12.77346265126	-3.8131246121400006	-1.8715806540000002	0.232
egfr_round2_gen10340	-15.56859	-14.01184392178	-4.720916537860001	-0.46995120000000007	0.232
egfr_round2_gen2582	-14.92516	-14.142258657009998	-3.69014043466	-0.57548461635	0.232
egfr_round2_gen6730	-14.9014	-13.575750762610001	-4.048125838730001	-1.19764126125	0.29000000000000004
egfr_round2_gen375549	-15.71128	-14.803073514520001	-3.6623717483900005	-0.0	0.638
egfr_round2_gen794845	-15.09526	-13.53775928553	-3.70349260572	-1.39335831288	0.232
egfr_round2_gen32704	-15.71386	-14.767078391199998	-3.5591577196600004	-1.9773666691200003	0.29000000000000004
egfr_round2_gen1075	-15.41409	-14.758527097870001	-2.88634948603	-1.82668856562	0.29000000000000004
egfr_round2_gen300	-14.96593	-14.811337647800002	-4.02218109115	-0.06665670333000001	0.29000000000000004
egfr_round2_gen365931	-15.41889	-13.011687240390001	-2.23400927425	-0.17539166223000002	0.34800000000000003
egfr_round2_gen1420	-15.1394	-14.818929650019998	-3.8780734522100007	-0.42199268004	0.29000000000000004
egfr_round2_gen4624	-14.77712	-14.02050655716	-3.7690130704900002	-0.44793398628000003	0.232
egfr_round2_gen1234	-14.83492	-12.134559240770002	-4.1209094440900005	-1.6218074655900003	0.232
egfr_round2_gen795612	-15.0162	-13.04781426904	-4.15080050624	-1.7699419582200002	0.29000000000000004
egfr_round2_gen951	-15.03542	-14.34319050848	-3.46070080078	-1.18830685554	0.29000000000000004
egfr_round2_gen5	-16.32209	-15.286886079220004	-3.44658693104	-1.4071513806	0.232
egfr_round2_gen4928	-15.38562	-14.172645279729998	-4.17527025168	-0.6349510663200001	0.232
egfr_round2_gen732984	-16.31049	-12.173909216590001	-3.0394130461900004	-1.09851680439	0.638
egfr_round2_gen798072	-14.83183	-12.837889414909998	-3.3998417074900003	-2.0662050690900005	0.232
egfr_round2_gen798333	-15.70809	-14.59068080299	-3.6396024987600004	-1.60985308194	0.29000000000000004
egfr_round2_gen41	-15.70698	-15.13464706442	-4.1267207280800005	-0.5729175079200001	0.29000000000000004
egfr_round2_gen29	-15.50852	-14.52265118583	-3.5401355926800004	-1.52023926249	0.29000000000000004
egfr_round2_gen796618	-15.33789	-14.570752775370003	-3.5027429207400003	-0.8487142440300002	0.232
egfr_round2_gen139559	-15.86807	-13.177956094630002	-3.39147284133	-0.22627562841	0.87
egfr_round2_gen1083	-14.80962	-14.429795268040003	-3.5034211552000003	-0.33921665055000005	0.232
egfr_round2_gen5408	-14.75772	-13.44520302208	-3.8953263481400002	-0.0	0.17400000000000002
egfr_round2_gen337	-15.52896	-14.121662751070001	-4.073454073290001	-1.41213873771	0.29000000000000004
egfr_round2_gen1872	-15.44048	-14.68637533937	-4.531496945400001	-0.28661148810000003	0.29000000000000004
egfr_round2_gen21754	-14.65327	-12.60432341098	-4.327725715380001	-0.28895536971	0.17400000000000002
egfr_round2_gen798655	-14.86845	-13.854982688509999	-3.40224182985	-1.5280991963100001	0.29000000000000004
egfr_round2_gen798606	-15.38307	-13.318137184939996	-4.173286749040001	-1.9400877901800002	0.29000000000000004
egfr_round2_gen14644	-15.17661	-12.789849655439998	-2.31455014241	-1.4035973746500001	0.406
egfr_round2_gen346	-15.13549	-15.092596387189996	-3.67156017708	-0.35228129391	0.29000000000000004
egfr_round2_gen1643	-15.04741	-13.824037509779998	-3.4837446406800003	-1.7012057208300002	0.29000000000000004
egfr_round2_gen659	-15.16216	-14.242396135409997	-3.77616609442	-1.1368119528	0.29000000000000004
egfr_round2_gen795550	-15.34107	-13.099537593330002	-4.146267136610001	-2.1297248481600004	0.29000000000000004
egfr_round2_gen392	-14.97433	-14.51309015718	-3.4268413305900003	-0.97329830715	0.29000000000000004
egfr_round2_gen798680	-14.92869	-12.710317218889998	-4.11858892836	-2.02566002931	0.29000000000000004
egfr_round2_gen795069	-15.75702	-14.96122341058	-3.7141434117100003	-1.2197759627700002	0.29000000000000004
egfr_round2_gen270	-15.77228	-14.72879091167	-3.84666530512	-1.33917881391	0.29000000000000004
egfr_round2_gen7215	-15.6749	-14.596968184129999	-3.4202736082700005	-1.3256794656900002	0.232
egfr_round2_gen795606	-15.02748	-13.17454974229	-3.96054486882	-1.4020289125200003	0.232
egfr_round2_gen93	-15.22266	-15.33717117028	-3.88796922263	-0.0	0.29000000000000004
egfr_round2_gen1507	-14.80203	-13.728608120500002	-3.2177918653800006	-1.3178841501600003	0.232
egfr_round2_gen798414	-15.40892	-14.599922507329998	-3.52371313067	-1.3360301408700002	0.29000000000000004
egfr_round2_gen182	-15.07351	-14.96584542781	-3.5865487128	-0.48619976274	0.29000000000000004
egfr_round2_gen485	-14.90019	-14.744475318180003	-3.67244707209	-0.41283450603000005	0.29000000000000004
egfr_round2_gen13107	-14.69584	-12.71054694436	-3.9024127409700005	-1.5218194734	0.232
egfr_round2_gen8669	-14.83671	-13.68615034263	-3.7721724367000005	-1.7107809765300002	0.29000000000000004
egfr_round2_gen798102	-14.73262	-14.33660084209	-3.8659834144600005	-0.41143052682000003	0.29000000000000004
egfr_round2_gen795172	-14.91078	-12.489963511449997	-3.8841954475400007	-2.02069616976	0.232
egfr_round2_gen0	-15.48154	-15.658260985449997	-3.65929830123	-0.24215997897000002	0.29000000000000004
egfr_round2_gen277177	-15.42179	-13.172298451849999	-2.2493621317600003	-0.0	0.29000000000000004
egfr_round2_gen371	-15.61338	-14.41973822369	-3.4856057525100006	-1.8158326929000002	0.29000000000000004
egfr_round2_gen799525	-14.86302	-14.376261694290001	-3.57811952796	-1.2607792049700002	0.34800000000000003
egfr_round2_gen20338	-15.66776	-14.16598682923	-4.93726035507	-0.22525348455000002	0.232
egfr_round2_gen342	-15.53428	-12.41906917411	-3.4015779736800003	-2.43989264016	0.17400000000000002
egfr_round2_gen4336	-15.34038	-15.254449414960002	-3.5384270310000003	-0.13780731501000001	0.232
egfr_round2_gen521	-15.11175	-12.748142492430002	-3.75138528695	-2.15140722165	0.232
egfr_round2_gen796309	-15.81301	-14.742496465810001	-4.15149522313	-0.61548921225	0.232
egfr_round2_gen208	-14.73071	-12.567372884589998	-4.4871521949	-1.5545750720400002	0.29000000000000004
egfr_round2_gen3521	-15.46533	-14.342388332699999	-3.86832742642	-1.3317888312900001	0.29000000000000004
egfr_round2_gen4420	-15.82026	-14.16728660546	-4.365659501990001	-1.4518437397200001	0.29000000000000004
egfr_round2_gen20026	-14.94534	-13.429727433510003	-4.47145776533	-1.84536912582	0.34800000000000003
egfr_round2_gen277	-15.71075	-14.852994189159999	-3.6362123785300002	-1.34869532571	0.29000000000000004
egfr_round2_gen795312	-14.74885	-14.515577750579999	-3.4739638965800004	-0.64698769143	0.29000000000000004
egfr_round2_gen795482	-14.78353	-14.162917382399996	-3.35635509542	-2.0103631177500003	0.406
egfr_round2_gen765082	-14.99538	-14.266646127479998	-2.32360250338	-0.15733378737	0.406
egfr_round2_gen799811	-14.7124	-13.736890767339998	-3.7535244959500003	-0.6624079651800001	0.232
egfr_round2_gen496	-14.89411	-14.6339107823	-3.7447418155900003	-0.0	0.232
egfr_round2_gen798303	-15.75633	-14.430634438120002	-3.5072335061900004	-1.96781491098	0.29000000000000004
egfr_round2_gen1601	-15.10657	-14.59385366043	-3.5555382481700004	-0.48664621638000005	0.232
egfr_round2_gen798689	-15.28156	-13.852774105839998	-4.21140710273	-1.2468392775000001	0.29000000000000004
egfr_round2_gen798564	-15.00778	-14.15225190304	-3.48532975948	-1.31914714401	0.29000000000000004
egfr_round2_gen795053	-15.16302	-15.394249660349999	-3.4786743646600002	-0.27879267501000005	0.29000000000000004
egfr_round2_gen1385	-15.09235	-13.361465873419998	-4.2947335015600006	-1.41097560849	0.29000000000000004
egfr_round2_gen756	-14.76645	-15.32274975455	-4.1863478474	-0.0	0.34800000000000003
egfr_round2_gen561517	-14.94317	-13.13152683761	-1.81642971572	-0.86727144204	0.116
egfr_round2_gen2445	-16.05746	-13.521699414780002	-4.37075853459	-1.91526261804	0.232
egfr_round2_gen13411	-14.91767	-13.265081293599998	-4.88067652357	-0.25779173076	0.232
egfr_round2_gen529	-15.44566	-14.68958297585	-3.42283189182	-1.39762899441	0.29000000000000004
egfr_round2_gen2483	-14.90782	-12.578934078829999	-5.04483205774	-1.6335386224200001	0.34800000000000003
egfr_round2_gen87	-15.39529	-15.009110575720001	-4.01387920678	-0.41928458625000004	0.29000000000000004
egfr_round2_gen798551	-15.00503	-15.01107313561	-3.6224386780900004	-0.31755777462	0.29000000000000004
egfr_round2_gen6940	-14.91064	-13.33858121151	-3.1411941555800005	-1.91815869231	0.232
egfr_round2_gen652022	-17.68522	-14.843013156289999	-3.1159353576400006	-0.23837687181	0.812
egfr_round2_gen3968	-14.90894	-14.88984284051	-3.7955960738700005	-0.15288687414000002	0.29000000000000004
egfr_round2_gen795244	-15.57243	-14.728042449999998	-3.5513632837200007	-1.3941689787	0.29000000000000004
egfr_round2_gen494	-15.12638	-14.608434728690002	-3.4868538582200004	-1.0082802996	0.29000000000000004
egfr_round2_gen3702	-15.24779	-14.528198870650002	-3.6243338068500006	-0.66291903711	0.232
egfr_round2_gen276440	-16.19805	-13.678733701670001	-2.52143514894	-0.0	0.754
egfr_round2_gen30685	-15.89447	-15.502538614230001	-4.388336870840001	-0.17960947425000004	0.29000000000000004
egfr_round2_gen795112	-15.39425	-15.604886571480002	-3.5421720495100004	-0.3018261582	0.29000000000000004
egfr_round2_gen477	-15.07307	-14.130248524230002	-4.39396474396	-0.5220276673500001	0.29000000000000004
egfr_round2_gen798990	-14.90128	-11.93281296679	-3.28687569124	-2.73184982316	0.232
egfr_round2_gen234	-15.61365	-15.042625238149999	-3.7668973577200004	-0.9150537303000001	0.29000000000000004
egfr_round2_gen1444	-14.66517	-14.20880428537	-4.316590957190001	-0.0	0.29000000000000004
egfr_round2_gen12974	-14.73984	-15.121371503539997	-3.6860577016800007	-0.24355220940000002	0.29000000000000004
egfr_round2_gen6087	-15.00481	-14.247905108919998	-3.81266345479	-0.44843918382	0.232
egfr_round2_gen638	-14.9426	-12.7501617215	-4.25181921557	-1.87392453561	0.29000000000000004
egfr_round2_gen6048	-15.55091	-14.558882497119999	-5.08559100299	-0.0	0.29000000000000004
egfr_round2_gen1325	-15.07127	-14.674176156479998	-3.8033312432	-0.5601465840600001	0.29000000000000004
egfr_round2_gen2310	-15.17023	-14.209509189489998	-4.01824424521	-0.48446094330000006	0.232
egfr_round2_gen5549	-14.91738	-14.35072139802	-3.5171822308000005	-1.8427902686100002	0.34800000000000003
egfr_round2_gen253	-15.35895	-15.33006502656	-3.36742252113	-0.24952646403	0.232
egfr_round2_gen798138	-15.54474	-12.688691180900001	-4.885359287140001	-2.05839213039	0.29000000000000004
egfr_round2_gen2782	-14.98801	-14.070827709580001	-3.9287947989800007	-0.48959516016	0.232
egfr_round2_gen831	-15.10288	-13.03305962008	-3.6990325303000002	-2.33713193589	0.29000000000000004
egfr_round2_gen1371	-15.85049	-14.59124733225	-3.69084602294	-1.7384082327000001	0.29000000000000004
egfr_round2_gen3478	-12.4872	-11.289481162249999	-2.9680630615500005	-1.87413601365	0.29000000000000004
egfr_round2_gen4765	-15.04891	-14.483217136209998	-3.76475639527	-0.32031873792000004	0.232
egfr_round2_gen8021	-15.13816	-13.61558836778	-4.42351493543	-0.64422085374	0.232
egfr_round2_gen798352	-14.76747	-13.19811377609	-3.4886848107100006	-1.97750178009	0.29000000000000004
egfr_round2_gen6177	-15.00194	-12.47513841558	-4.62607628495	-1.8546389132400003	0.29000000000000004
egfr_round2_gen2872	-15.81833	-15.140277694539998	-4.382036724990001	-0.0	0.232
egfr_round2_gen799891	-15.30711	-14.212041643540001	-3.57180465313	-1.9989256804200002	0.34800000000000003
egfr_round2_gen795410	-15.14655	-14.677477383829999	-3.9332022709000003	-0.5306982669900001	0.29000000000000004
egfr_round2_gen194	-15.75201	-15.66307228832	-3.7734194903400007	-0.0	0.232
egfr_round2_gen258024	-15.06635	-10.310805261960002	-3.7894270860800003	-0.9563918127300001	0.522
egfr_round2_gen856	-14.92963	-14.270146972700003	-3.1446673893400003	-1.44785502891	0.29000000000000004
egfr_round2_gen798840	-15.05787	-14.049466177569997	-4.04757209922	-1.3602150045	0.34800000000000003
egfr_round2_gen37	-15.28753	-14.824869538359998	-3.44892954024	-0.5869161792900001	0.232
egfr_round2_gen796310	-15.92227	-14.8910228706	-4.35177287937	-0.40219598574000004	0.232
egfr_round2_gen7186	-14.77706	-13.747959124980001	-4.612909278210001	-0.30246059232	0.29000000000000004
egfr_round2_gen676	-15.22518	-14.91527638882	-3.8052302295500002	-0.5133864396600001	0.29000000000000004
egfr_round2_gen78034	-14.99898	-15.248338615029999	-4.13443941498	-0.0	0.29000000000000004
egfr_round2_gen795124	-15.07423	-13.136935963059999	-4.007432472510001	-1.8903199581000003	0.29000000000000004
egfr_round2_gen917	-14.76062	-12.583197102279996	-3.9908265996300005	-1.64961095346	0.232
egfr_round2_gen32281	-14.95392	-13.521057345150002	-4.0498231783300005	-0.0	0.17400000000000002
egfr_round2_gen795041	-15.70034	-15.49208371691	-3.6548189378600004	-0.22853726856	0.232
egfr_round2_gen1489	-14.79188	-12.060882742179999	-3.77746960915	-1.98220716648	0.232
egfr_round2_gen229	-14.73779	-14.317938291089998	-3.3216115357400002	-0.9741148473600001	0.29000000000000004
egfr_round2_gen796074	-16.25365	-14.791403100590001	-5.2666006985600005	-0.0	0.232
egfr_round2_gen795489	-15.14802	-14.811514222449999	-3.3991038557300004	-0.48261638484	0.232
egfr_round2_gen59	-14.86534	-13.543157181340002	-3.4330678315400003	-1.7967996693000001	0.29000000000000004
egfr_round2_gen461	-15.57635	-14.175536536639997	-3.6540225208700003	-1.8483415671600003	0.29000000000000004
egfr_round2_gen15882	-14.82589	-14.580916894689999	-3.70885255168	-0.0	0.232
egfr_round2_gen384	-15.09388	-14.176793815810003	-3.7580859207800006	-1.13047936038	0.29000000000000004
egfr_round2_gen795138	-14.90636	-14.85537834438	-3.90321862659	-0.06377825223	0.29000000000000004
egfr_round2_gen45	-14.83733	-12.73477524398	-4.11262193801	-1.89865571751	0.29000000000000004
egfr_round2_gen122639	-15.06244	-11.280542114649998	-3.7777848794600004	-0.0	0.522
egfr_round2_gen192	-14.87517	-14.413778537779999	-3.8707415763800004	-0.07014021660000001	0.232
egfr_round2_gen795049	-14.82986	-13.96102713494	-3.99598174263	-0.33896405178	0.232
egfr_round2_gen795210	-15.26204	-14.70677176356	-3.7283442525700004	-0.8419117004100001	0.29000000000000004
egfr_round2_gen527	-15.00347	-15.003425043099998	-3.5946086210700003	-0.35598215961000007	0.29000000000000004
egfr_round2_gen13070	-15.12731	-13.713342289520002	-4.10222643434	-0.8458592904900001	0.232
egfr_round2_gen55821	-14.8328	-14.263025161229997	-3.8210295154300002	-0.21977267868000003	0.406
egfr_round2_gen422	-16.08627	-14.853358643160002	-3.5615013809300007	-1.9016105356800002	0.29000000000000004
egfr_round2_gen1048	-14.98955	-14.602129032469996	-3.48805216595	-0.40829947695	0.232
egfr_round2_gen10022	-14.90455	-13.540067995969999	-3.9243326194200003	-0.92146856418	0.232
egfr_round2_gen795662	-16.24186	-14.448782807380002	-5.205282201370001	-0.37651315266	0.232
egfr_round2_gen3920	-15.16427	-14.268481230979999	-4.87992324145	-0.0	0.29000000000000004
egfr_round2_gen799826	-15.14755	-14.63252735492	-3.5822660865200002	-0.9130564377000001	0.29000000000000004
egfr_round2_gen561	-15.18596	-14.828350358519998	-4.3626526859300006	-0.0	0.29000000000000004
egfr_round2_gen181	-14.86891	-14.21898337564	-4.56391052072	-0.0	0.29000000000000004
egfr_round2_gen78001	-16.6885	-15.17154539049	-2.8222756175100003	-0.64675271583	0.406
egfr_round2_gen1364	-15.01016	-11.78240547535	-3.47400036834	-2.83199642388	0.232
egfr_round2_gen798745	-15.04605	-14.27480016115	-3.5598440199900003	-1.1731333061700002	0.29000000000000004
egfr_round2_gen906	-15.01483	-14.983690647320001	-3.82251609034	-0.15462569358000003	0.29000000000000004
egfr_round2_gen405	-15.0931	-14.383846939880002	-3.48740058393	-1.1989629990000001	0.29000000000000004
egfr_round2_gen975	-15.88246	-14.266742420820002	-3.7944801782900006	-1.53859085685	0.232
egfr_round2_gen749	-14.95335	-14.754136594680002	-3.9899428608300003	-0.15034326327	0.29000000000000004
egfr_round2_gen263	-15.47576	-14.84580523427	-3.68520412222	-1.01513571273	0.29000000000000004
egfr_round2_gen2651	-15.31091	-14.409703102079996	-3.3784362912700003	-1.10498450778	0.232
egfr_round2_gen1822	-15.51499	-14.709076174049999	-2.91726631643	-1.96918364385	0.29000000000000004
egfr_round2_gen798096	-15.15983	-14.726351933110001	-3.74980332436	-0.22709216862	0.232
egfr_round2_gen995	-15.47004	-14.852091043199998	-3.7619386011200002	-0.92702573712	0.29000000000000004
egfr_round2_gen799370	-15.71534	-14.45457732349	-3.5323835902300003	-1.8593795459700002	0.29000000000000004
egfr_round2_gen795316	-14.79769	-13.037318138939998	-3.4424870142500006	-1.7824837808700003	0.232
egfr_round2_gen1553	-15.55773	-14.23442551635	-3.7219634480200003	-1.69771633317	0.29000000000000004
egfr_round2_gen1606	-15.56339	-15.290694811469999	-3.5726880412400006	-1.2451004580600002	0.34800000000000003
egfr_round2_gen795656	-15.92951	-14.48831746691	-5.059960473650001	-0.10108650312000002	0.232
egfr_round2_gen776276	-15.23866	-13.376366724450001	-4.276479736370001	-2.4912524319300005	0.34800000000000003
egfr_round2_gen795197	-14.89893	-14.59233296641	-3.6402242721300007	-0.5795849405700001	0.29000000000000004
egfr_round2_gen799524	-14.88166	-14.325353010770002	-3.4434882342	-1.4708297682000002	0.34800000000000003
egfr_round2_gen302417	-15.96495	-13.84068755346	-3.0614363781900003	-0.0	0.34800000000000003
egfr_round2_gen257	-15.16598	-13.06378282375	-4.21622102436	-1.8783185793300001	0.29000000000000004
egfr_round2_gen279	-15.95037	-14.788019961349999	-3.46514860205	-1.8896326544700002	0.29000000000000004
egfr_round2_gen187	-14.78846	-13.13439561025	-3.2564091468000003	-2.2939199230500003	0.29000000000000004
egfr_round2_gen2871	-14.99145	-14.041966404780002	-3.5434611859500005	-1.3502579134500001	0.29000000000000004
egfr_round2_gen958	-15.21728	-12.97177927889	-3.7477012885000005	-2.0495159271000003	0.232
egfr_round2_gen794999	-15.24256	-14.430882202239998	-3.5153144558600005	-1.7563838661000002	0.34800000000000003
egfr_round2_gen6185	-14.70862	-14.67506752172	-3.4589606770000003	-0.87420909663	0.29000000000000004
egfr_round2_gen794812	-15.1036	-12.80501507748	-4.84859890927	-1.42834617972	0.29000000000000004
egfr_round2_gen795054	-15.92686	-15.357029471210002	-3.2880873251900002	-1.01006023977	0.232
egfr_round2_gen224	-15.79364	-14.81542181232	-3.7674356668700004	-1.36067320692	0.29000000000000004
egfr_round2_gen124	-15.0728	-12.678272373490003	-3.78942042297	-2.1314166724800003	0.232
egfr_round2_gen281	-14.92198	-14.468409211690002	-3.6049574829700006	-0.7721944398900001	0.29000000000000004
egfr_round2_gen696624	-17.16423	-14.384690022600001	-3.3640916675100003	-0.42372562509000006	0.464
egfr_round2_gen798810	-15.03093	-13.73014081228	-3.9412344746600008	-1.3106703992400002	0.29000000000000004
egfr_round2_gen799991	-15.101	-13.7245921913	-3.6844171738600004	-1.66301043705	0.29000000000000004
egfr_round2_gen795174	-15.54374	-12.572372053830001	-4.02454719658	-2.58589472922	0.232
egfr_round2_gen795066	-15.7135	-14.763189308789997	-3.7314005159200003	-1.35129180609	0.29000000000000004
egfr_round2_gen559	-15.14202	-13.634622035669999	-3.8621801814100003	-1.1782792718100001	0.232
egfr_round2_gen794897	-15.65913	-14.946786746879997	-3.5465616362400003	-1.75166673093	0.34800000000000003
egfr_round2_gen799829	-15.11574	-14.40784215683	-3.81684648511	-0.8620314861600001	0.29000000000000004
egfr_round2_gen386	-15.44126	-14.665142827299999	-3.7307222814600003	-0.65666281176	0.232
egfr_round2_gen2166	-15.3486	-14.749645008320002	-3.6072313569300003	-1.0322948059200001	0.29000000000000004
egfr_round2_gen132	-15.35453	-14.29502672242	-3.62674304715	-1.02523966353	0.232
egfr_round2_gen1072	-14.73353	-14.332401013319998	-3.7122900150600002	-0.13235588109000002	0.232
egfr_round2_gen2469	-14.96656	-14.17617379138	-3.72073287681	-0.5680182666600001	0.232
egfr_round2_gen826	-14.91537	-14.382179932839996	-3.8586781910700005	-0.16176307743	0.232
egfr_round2_gen1334	-14.76212	-14.048147065030001	-4.16692873934	-0.0	0.232
egfr_round2_gen113	-15.18301	-15.28425700981	-3.5418118908800005	-0.34906212819000004	0.29000000000000004
