molecule_id	affinity	steric_sum	hydrophobic_value	hydrogen_value	wnrot
d4_round2_gen702171	-14.88345	-12.22664155475	-2.6591339281300006	-0.0	0.232
d4_round2_gen25273	-14.94343	-13.33299923306	-3.0728530911400003	-2.03977031409	0.232
d4_round2_gen98653	-15.18253	-14.540111451990002	-3.6292062937100003	-0.55919493288	0.232
d4_round2_gen6965	-15.26693	-15.138305665059999	-5.34483402652	-0.13699664919	0.34800000000000003
d4_round2_gen38271	-15.66296	-15.49863876289	-3.7058040035100004	-1.0343625912	0.29000000000000004
d4_round2_gen68655	-14.81694	-15.554795837299999	-4.103134020060001	-0.34792249653	0.34800000000000003
d4_round2_gen18251	-15.35515	-14.996948225300002	-3.7735762487700004	-1.9759333179600003	0.34800000000000003
d4_round2_gen4463	-14.8668	-14.4414332265	-4.75943773022	-1.31448875274	0.406
d4_round2_gen16604	-14.91022	-13.957869699349999	-4.14787645302	-0.30071589849	0.232
d4_round2_gen798637	-14.76877	-12.82790799264	-3.9957650162100005	-1.8299018569500003	0.29000000000000004
d4_round2_gen783814	-14.87179	-15.846480873059999	-4.092867921000001	-0.14915663649000002	0.34800000000000003
d4_round2_gen19686	-14.84607	-14.200912137999998	-4.6082033691	-0.37205449065	0.29000000000000004
d4_round2_gen39717	-15.02945	-15.36465781307	-4.072053768120001	-0.85980509235	0.34800000000000003
d4_round2_gen52725	-15.12727	-15.192258035450003	-3.53151984076	-1.71328346667	0.34800000000000003
d4_round2_gen142438	-15.00398	-12.172926479110002	-2.30651513313	-1.4062937196600003	0.406
d4_round2_gen303537	-15.11823	-14.354548614640002	-3.8812251032400003	-0.41691133269	0.232
d4_round2_gen43460	-15.19885	-15.0953775353	-5.3077566248900006	-0.12393788022	0.34800000000000003
d4_round2_gen54934	-15.1466	-15.04668887015	-4.80751206887	-1.4883648223500001	0.406
d4_round2_gen793263	-14.84137	-12.575798703259998	-3.9794400460200006	-1.7545216844700002	0.232
d4_round2_gen176482	-15.40515	-14.15597079601	-3.94514116126	-0.0	0.17400000000000002
d4_round2_gen14053	-14.66592	-14.449653354999999	-4.27526705035	-1.08350773794	0.34800000000000003
d4_round2_gen798323	-14.84043	-14.000106781020001	-4.64565881455	-2.25894967938	0.406
d4_round2_gen24906	-15.5678	-16.637856522729997	-3.9977408036700006	-0.39303193734	0.34800000000000003
d4_round2_gen380848	-14.92991	-14.681455892190002	-2.4986083861500004	-0.36952262856000007	0.406
d4_round2_gen793161	-14.92632	-13.13058375827	-3.7465671570400003	-1.5405940238400002	0.232
d4_round2_gen740	-14.79686	-14.84601720892	-4.079147525440001	-1.05590397933	0.34800000000000003
d4_round2_gen39746	-14.81976	-13.07983489713	-3.58507756825	-1.6195575742200001	0.232
d4_round2_gen8017	-15.08095	-13.395154556489999	-5.2191593553599995	-0.0	0.232
d4_round2_gen76682	-15.07947	-14.63735033487	-4.1366164985000005	-0.72058204935	0.29000000000000004
d4_round2_gen461186	-14.78167	-13.301749519860003	-2.46103300472	-0.31470869547	0.464
d4_round2_gen73453	-14.82623	-16.349227814629998	-4.13446256052	-0.41093707806000007	0.406
d4_round2_gen14280	-14.90747	-15.5302452517	-3.9286643423000007	-0.6765828682500001	0.34800000000000003
d4_round2_gen48989	-14.96224	-13.369573367440001	-4.72371329061	-0.36442365804000004	0.232
d4_round2_gen234081	-14.85925	-14.501481678089998	-4.21811194484	-0.90946131102	0.34800000000000003
d4_round2_gen8191	-15.04175	-14.011653345009998	-4.546071271110001	-0.0	0.232
d4_round2_gen164607	-14.85159	-13.79108252619	-3.99530140403	-0.53790026913	0.232
d4_round2_gen585897	-15.1624	-11.68290305507	-2.97889552496	-0.50167878039	0.522
d4_round2_gen661583	-18.21282	-15.50172345736	-3.6586761771700003	-0.11615431347	0.232
d4_round2_gen37489	-14.64783	-12.5002099137	-4.15863457015	-0.5582844024300001	0.17400000000000002
d4_round2_gen794783	-14.79988	-13.403699783919997	-3.9939621189200003	-0.8670482152200001	0.232
d4_round2_gen594	-15.07951	-12.71413313878	-4.18081571265	-0.8279012802600001	0.17400000000000002
d4_round2_gen10273	-14.83042	-14.654833597599998	-4.15865455948	-0.3500549001	0.29000000000000004
d4_round2_gen59917	-14.81585	-13.021629357650001	-2.7003761242000004	-0.82502282916	0.116
d4_round2_gen10102	-15.83601	-14.90875515999	-4.54494660828	-1.0176088309200002	0.29000000000000004
d4_round2_gen8980	-15.04128	-13.911957469	-3.8882992219200005	-0.7575378368400001	0.232
d4_round2_gen57672	-15.00902	-13.490121295669999	-2.39601297458	-0.0	0.522
d4_round2_gen21258	-14.89262	-14.508914276569998	-4.41106053077	-0.3310806204	0.406
d4_round2_gen30946	-15.04964	-14.091414018509997	-1.75627831485	-0.07616146635	0.406
d4_round2_gen42621	-14.93865	-14.423390967010002	-4.3941060720300005	-0.49122824058000003	0.29000000000000004
d4_round2_gen6303	-15.63907	-14.684236356469999	-4.1024712159600005	-0.51753963339	0.232
d4_round2_gen7348	-16.02452	-14.77544347358	-4.0740418297300005	-0.9254866469400002	0.232
d4_round2_gen562972	-14.83257	-14.17973266051	-2.3842105026300002	-0.0	0.464
d4_round2_gen4161	-15.04903	-14.546566614069999	-4.4126407399100005	-0.48653460297000006	0.29000000000000004
d4_round2_gen136237	-17.23425	-15.871371919710002	-5.386285935210001	-0.0	0.232
d4_round2_gen108238	-15.28321	-15.50550429803	-4.54052160186	-0.6031588676399999	0.34800000000000003
d4_round2_gen33102	-14.81356	-13.575056873449999	-3.83573114161	-0.0	0.17400000000000002
d4_round2_gen241078	-14.91056	-15.62195346965	-4.5237863243700005	-0.0	0.34800000000000003
d4_round2_gen444659	-15.39582	-11.2416747633	-3.66011260341	-0.49450027581000006	0.522
d4_round2_gen799688	-14.78531	-14.972893200489997	-4.45835142796	-0.5415600141000001	0.34800000000000003
d4_round2_gen82987	-14.84493	-13.64185248793	-4.270441205260001	-0.40477484295000005	0.232
d4_round2_gen177844	-15.77663	-13.854013373819999	-4.51429174331	-1.1063826126	0.232
d4_round2_gen145728	-14.98543	-14.282357745220002	-2.7839665926000006	-1.4223719250900002	0.232
d4_round2_gen95563	-14.90731	-14.82263089725	-4.16099260971	-0.28063723347	0.29000000000000004
d4_round2_gen36152	-15.09879	-14.151218321320002	-4.4762913256	-0.0	0.232
d4_round2_gen799218	-14.76928	-13.27095745202	-4.031728275710001	-0.92593310058	0.232
d4_round2_gen67336	-14.97598	-15.56557215116	-3.7901351291900003	-0.0	0.29000000000000004
d4_round2_gen245360	-14.78115	-14.78272587807	-4.81487059714	-0.3726125577	0.34800000000000003
d4_round2_gen649	-14.76594	-13.842773951560002	-4.11357862033	-0.26347814028	0.232
d4_round2_gen6967	-14.88751	-14.662866465450001	-3.9062373661100005	-0.6661910723400001	0.29000000000000004
d4_round2_gen18218	-14.93677	-14.73741755026	-4.33704389937	-1.10897909298	0.34800000000000003
d4_round2_gen42893	-15.71574	-15.07424685645	-4.3267914772200005	-0.90836867448	0.29000000000000004
d4_round2_gen26290	-15.00463	-13.731665243420002	-3.74051109143	-1.04481313101	0.232
d4_round2_gen53	-14.94541	-15.872472375600001	-3.3956990065200006	-0.92469360429	0.34800000000000003
d4_round2_gen3461	-14.75865	-14.79756871691	-3.8774723695500004	-0.39488237019	0.29000000000000004
d4_round2_gen535563	-15.59388	-15.389583474130003	-2.49056706445	-0.0	0.638
d4_round2_gen48056	-14.91217	-12.617907234089998	-4.03260605278	-0.0	0.116
d4_round2_gen10888	-14.99168	-15.13887703288	-4.03577944659	-1.07760985038	0.34800000000000003
d4_round2_gen28017	-14.72121	-13.68045627719	-4.07950452786	-0.39912367977	0.232
d4_round2_gen14985	-14.88202	-13.92706027042	-4.02022038336	-1.2908325842100001	0.29000000000000004
d4_round2_gen5287	-15.16258	-12.845294086020001	-4.17167953677	-1.68833493234	0.232
d4_round2_gen610362	-15.14329	-13.731032667999997	-3.30556571479	-0.7605866452500001	0.17400000000000002
d4_round2_gen102029	-15.78985	-12.77346728062	-2.5728757609	-0.43425840636	0.406
d4_round2_gen43130	-14.79231	-14.554577368070001	-3.5686302072500005	-1.86420829455	0.34800000000000003
d4_round2_gen201956	-15.13254	-12.84005453704	-3.65422031003	-0.4113835317	0.116
d4_round2_gen7695	-14.80228	-14.729496719110001	-3.9545200146200004	-0.44499679128	0.29000000000000004
d4_round2_gen2622	-14.9437	-12.47425534637	-4.195202769900001	-1.7614064695500002	0.232
d4_round2_gen87033	-15.04988	-13.907637618729998	-4.63752666414	-0.90413323929	0.29000000000000004
d4_round2_gen157213	-15.57266	-12.776860459989999	-3.4966644109700002	-1.1161810951200002	0.116
d4_round2_gen42284	-14.75204	-13.879596444179999	-3.55061982092	-0.7811822565900001	0.232
d4_round2_gen3326	-14.96675	-13.899435361770001	-3.6404322313	-1.80136407033	0.29000000000000004
d4_round2_gen171547	-14.84615	-12.813971494280002	-2.69767195361	-1.0695913080300001	0.754
d4_round2_gen37386	-15.00476	-15.709809224840003	-3.3069793461800003	-1.6950552345	0.406
d4_round2_gen13110	-15.39508	-15.2495368994	-4.647896918130001	-0.0	0.29000000000000004
d4_round2_gen12720	-14.7549	-13.521430034109999	-4.34098074531	-0.34109645535000005	0.232
d4_round2_gen2343	-14.79868	-14.304490388689999	-4.31008600838	-1.3674698761500002	0.34800000000000003
d4_round2_gen400825	-15.13787	-13.964848578100003	-4.58206889823	-0.1280029581	0.232
d4_round2_gen418775	-15.34407	-13.304074144829997	-4.604881633420001	-0.12551221674000002	0.17400000000000002
d4_round2_gen88824	-15.18061	-12.877820781789998	-2.91264983327	-1.16107905789	0.232
d4_round2_gen17	-14.88487	-15.39216418804	-2.5789907424300003	-2.1309584700600004	0.34800000000000003
d4_round2_gen13814	-15.07499	-12.001480854330001	-2.1319693556400003	-0.9415824755400001	0.29000000000000004
d4_round2_gen3457	-15.39838	-15.52583077093	-4.79659228365	-0.48231679095	0.34800000000000003
d4_round2_gen4996	-14.94983	-14.680645873610002	-3.61931332881	-1.02414702699	0.29000000000000004
d4_round2_gen3331	-14.86341	-15.553514713290001	-4.108695963460001	-0.4208119276500001	0.34800000000000003
d4_round2_gen206722	-15.16965	-12.19214694379	-2.70938149271	-1.15756617267	0.406
d4_round2_gen1326	-15.14656	-15.61098211559	-3.4128859727300003	-0.5532441758100001	0.29000000000000004
d4_round2_gen11246	-14.76675	-15.87326961833	-4.6393060652	-1.17206416719	0.464
d4_round2_gen12324	-15.79348	-14.517706595489999	-4.974496969960001	-0.0	0.232
d4_round2_gen24440	-14.9816	-14.239664523270001	-3.56515346659	-0.67993714494	0.232
d4_round2_gen13034	-15.19536	-14.23633375239	-4.09098296225	-1.3150409454	0.29000000000000004
d4_round2_gen798641	-14.94472	-12.90799531248	-3.9636828429400004	-1.5657716593800002	0.232
d4_round2_gen17597	-15.41259	-14.46281473647	-4.60901591783	-0.8463351160800001	0.29000000000000004
d4_round2_gen51409	-14.91772	-13.110103970419997	-4.1390713285	-2.0188809832500003	0.29000000000000004
d4_round2_gen414712	-15.09871	-11.52331891772	-2.24363781889	-2.65665763116	0.406
d4_round2_gen208289	-15.46858	-15.359128821850002	-4.48637050689	-0.14764104387000002	0.29000000000000004
d4_round2_gen632	-14.75821	-14.306858627769998	-3.2612430577600002	-1.50606435942	0.29000000000000004
d4_round2_gen40992	-15.18045	-13.77543828242	-3.1072101904400005	-2.7341290864800003	0.29000000000000004
d4_round2_gen562980	-14.90603	-13.261791576339998	-3.3872501830400004	-0.0	0.116
d4_round2_gen26616	-15.00219	-14.748336700500001	-3.7578432433	-0.8878083094800001	0.29000000000000004
d4_round2_gen117512	-15.62152	-15.146859804359998	-5.03914561939	-0.0	0.29000000000000004
d4_round2_gen15493	-14.84429	-16.19805833348	-4.26771073292	-1.32451046208	0.464
d4_round2_gen793164	-15.03492	-14.51643378032	-2.63079607199	-3.1668777746100005	0.34800000000000003
d4_round2_gen487765	-18.7355	-17.272177229289998	-4.744555148000001	-0.0	0.812
d4_round2_gen121485	-14.82712	-13.20086015775	-4.0709648756700005	-0.15823844343000001	0.17400000000000002
d4_round2_gen165910	-14.76394	-14.40382621983	-3.75819147847	-0.9207988837200001	0.29000000000000004
d4_round2_gen796265	-14.81618	-14.734574369279999	-3.1417654295900004	-2.1316105273500003	0.34800000000000003
d4_round2_gen22985	-15.00964	-14.0547358108	-4.46134596987	-0.0	0.232
d4_round2_gen38455	-15.19824	-13.48768241445	-4.2289272244400005	-1.92947276745	0.29000000000000004
d4_round2_gen236901	-16.08147	-11.522945128059998	-3.6485170385600005	-0.91205191701	0.406
d4_round2_gen120848	-14.75444	-14.199879135819998	-3.95136661014	-0.9245408701500001	0.29000000000000004
d4_round2_gen14726	-14.82118	-14.490538948769998	-3.87167791868	-0.36058768137	0.29000000000000004
d4_round2_gen3109	-15.1763	-14.86237341788	-4.2114362100000005	-0.5366079033300001	0.29000000000000004
d4_round2_gen79244	-14.86101	-13.94811537256	-5.049958794850001	-0.21304062774000002	0.29000000000000004
d4_round2_gen658727	-17.24413	-14.724008246559999	-3.5307328924	-0.0	0.406
d4_round2_gen38156	-15.0596	-14.41324971963	-4.830291137820001	-0.21395115819	0.29000000000000004
d4_round2_gen794472	-15.09908	-14.050829257730001	-4.41252641497	-1.05246746118	0.29000000000000004
d4_round2_gen257697	-15.02726	-14.62442663868	-3.9125217309100004	-0.0	0.5800000000000001
d4_round2_gen798076	-14.89284	-14.495511684329998	-5.156569256230001	-0.45846676755000004	0.34800000000000003
d4_round2_gen266421	-15.695	-15.20342135213	-4.40835951639	-0.67524350733	0.29000000000000004
d4_round2_gen20018	-15.26379	-15.12454349034	-4.3456522868	-1.14915992058	0.34800000000000003
d4_round2_gen11991	-14.82102	-14.6575159943	-4.55568438539	-0.8073174177000001	0.34800000000000003
d4_round2_gen1603	-15.19236	-15.16233074406	-3.08896238698	-1.3722457552200003	0.29000000000000004
d4_round2_gen792621	-15.02561	-13.071814973350001	-3.4740329825100007	-1.99007884908	0.232
d4_round2_gen3106	-14.84634	-15.09659028315	-3.6655556629000006	-0.4159538071200001	0.29000000000000004
d4_round2_gen871	-15.26853	-15.13629616844	-4.15212120478	-0.43886392812	0.29000000000000004
d4_round2_gen5878	-14.82742	-14.53980614477	-4.283276108570001	-0.34033865904	0.29000000000000004
d4_round2_gen2277	-14.95463	-14.85636470308	-3.4965360584300003	-0.9741500937000002	0.29000000000000004
d4_round2_gen510534	-18.55341	-15.97942433547	-3.4188522617	-0.24106146804000003	0.522
d4_round2_gen792731	-14.84518	-12.97602588099	-3.4055144689300003	-1.92910855527	0.232
d4_round2_gen797804	-14.86761	-13.370549429020002	-5.47819126351	-0.37330573572000003	0.29000000000000004
d4_round2_gen3579	-15.43782	-13.547904207859998	-3.3568916511200007	-2.1388066551000002	0.232
d4_round2_gen788708	-19.0092	-17.46298100188	-2.2698799515900006	-0.39312592758000003	0.34800000000000003
d4_round2_gen5000	-14.87318	-14.448372926130002	-4.459105060770001	-0.31477918815000006	0.29000000000000004
d4_round2_gen137898	-14.77196	-14.717681366339999	-4.374471289620001	-0.0	0.29000000000000004
d4_round2_gen58245	-15.32029	-13.733037973599998	-4.67695894912	-0.49455314532	0.232
d4_round2_gen11689	-15.53787	-13.96876496211	-4.959051530290001	-0.24262993017000004	0.232
d4_round2_gen797186	-15.17395	-14.618682202880002	-3.3492217101300006	-1.63853772831	0.29000000000000004
d4_round2_gen20568	-14.9963	-14.7650045971	-2.9586035494900003	-0.7779454677000001	0.232
d4_round2_gen530939	-16.91207	-13.15642100905	-2.59566464917	-2.15103713508	0.464
d4_round2_gen11443	-14.85939	-14.311950423670002	-3.4345926316600006	-0.59117511204	0.232
d4_round2_gen104756	-15.10446	-17.20581249756	-4.44985385857	-0.51061960197	0.464
d4_round2_gen656015	-14.76661	-15.632937220139999	-1.4280486065900002	-0.29518222311000003	0.638
d4_round2_gen18087	-14.8755	-14.769042617619998	-3.59105367654	-0.0	0.232
d4_round2_gen62942	-15.65802	-15.91278268491	-4.0689708523300006	-0.25783285149	0.29000000000000004
d4_round2_gen47343	-15.30912	-13.91363003474	-3.1355308627700005	-1.3897925581500001	0.406
d4_round2_gen4913	-15.10904	-15.515574534740002	-4.47409355137	-0.41297549139000006	0.34800000000000003
d4_round2_gen5403	-14.8835	-14.358914662529997	-4.11628840196	-1.1965544991000001	0.34800000000000003
d4_round2_gen2325	-15.0528	-14.485436006330001	-4.515540199710001	-0.45686893347000007	0.29000000000000004
d4_round2_gen14613	-14.93181	-14.73315927741	-3.5614372046600002	-1.87632716112	0.34800000000000003
d4_round2_gen24079	-15.68135	-14.886028502520002	-4.46347325541	-0.0	0.232
d4_round2_gen79	-14.96441	-14.74351767507	-3.6226834597100006	-0.9692097317100001	0.29000000000000004
d4_round2_gen426420	-16.6529	-15.205402556269997	-3.04169709016	-0.3591190838700001	0.232
d4_round2_gen798452	-14.93319	-15.468496486669999	-2.09371679182	-1.7370806205600002	0.29000000000000004
d4_round2_gen49275	-14.90558	-13.8626119934	-3.9274390314400005	-0.59769568494	0.232
d4_round2_gen600	-14.76321	-14.743452220220002	-3.9552729460500005	-0.38168849025000007	0.29000000000000004
d4_round2_gen625143	-15.47818	-14.468865426959997	-3.52304646898	-1.10897909298	0.232
d4_round2_gen12703	-14.78995	-12.417578656149999	-3.33676695478	-3.3619780152900005	0.29000000000000004
d4_round2_gen7049	-15.43885	-14.896711200219997	-4.17975312195	-2.6784104973300003	0.406
d4_round2_gen153899	-14.87246	-13.57805054596	-4.351588065740001	-0.41822719605	0.232
d4_round2_gen232752	-15.42119	-11.502693633009999	-2.8329611418100002	-1.08181003923	0.232
d4_round2_gen8302	-14.9583	-13.36178898714	-3.8502377841500004	-1.2449301007500002	0.232
d4_round2_gen4520	-14.83442	-13.969489372669997	-3.89612206375	-1.3029984459000001	0.29000000000000004
d4_round2_gen5785	-14.77057	-14.500972766490001	-4.3429428558600005	-0.23557478778000002	0.29000000000000004
d4_round2_gen86388	-15.73341	-14.054980599039999	-3.6290888125600005	-0.8120110553100001	0.6960000000000001
d4_round2_gen15056	-14.80419	-13.563233362730001	-4.59769283911	-0.10878195402000002	0.232
d4_round2_gen144942	-14.79799	-11.52603060539	-2.58947707481	-0.6844486764600001	0.5800000000000001
d4_round2_gen4066	-14.80565	-14.177381748579997	-3.3470944245900003	-2.47353527169	0.34800000000000003
d4_round2_gen98	-14.78525	-13.238021882409999	-3.09946905938	-1.90088211132	0.232
d4_round2_gen17117	-14.99178	-14.38497096429	-3.6945889373100003	-0.4179745972800001	0.232
d4_round2_gen344854	-15.05166	-13.609330474670001	-3.8475718387700004	-1.1115462014100002	0.232
d4_round2_gen31700	-14.89538	-14.995351427059997	-4.796736066550001	-1.19069773227	0.406
d4_round2_gen362392	-17.27313	-12.788110603140002	-3.6456340160700003	-0.8319487349700001	0.6960000000000001
d4_round2_gen795902	-14.95255	-15.45551133572	-3.2964814410300005	-0.5737281737400001	0.29000000000000004
d4_round2_gen724405	-14.99309	-13.092095811750001	-1.4130324114800001	-0.48812068827	0.232
d4_round2_gen9148	-14.87925	-14.23811640371	-4.02403483849	-0.95378945796	0.29000000000000004
d4_round2_gen54350	-15.08438	-15.00094736691	-3.9213117757600005	-1.4558618224800002	0.34800000000000003
d4_round2_gen344749	-14.99933	-14.466074587720001	-3.7600406668400006	-1.15930499211	0.29000000000000004
d4_round2_gen250465	-15.07043	-13.83406731937	-3.4456940743000004	-0.43847621838	0.17400000000000002
d4_round2_gen216214	-15.23966	-13.525003465740003	-5.287340855850001	-0.0	0.232
d4_round2_gen770174	-15.47049	-16.20412907419	-5.114928325630001	-0.48518936766000004	0.406
d4_round2_gen1344	-16.03394	-16.84512688657	-5.23929246826	-0.51388576281	0.406
d4_round2_gen15615	-14.95839	-13.95056662727	-5.15280144287	-1.1042325858600002	0.34800000000000003
d4_round2_gen35722	-14.84332	-13.88106251032	-4.028782830400001	-1.27060118505	0.29000000000000004
d4_round2_gen3062	-15.23786	-13.264392100319998	-4.6121047953500005	-0.9227198092500001	0.232
d4_round2_gen8665	-14.76081	-14.029523696010003	-3.59666015757	-2.31648932943	0.34800000000000003
d4_round2_gen6502	-15.24563	-15.092773339979999	-5.493957233840001	-0.0	0.34800000000000003
d4_round2_gen411851	-15.50152	-13.30062421057	-4.670821523430001	-2.9733459960600004	0.34800000000000003
d4_round2_gen125044	-14.7934	-16.24224875267	-4.4559986487500005	-1.0070760496500002	0.464
d4_round2_gen797574	-14.78187	-14.974043810129999	-2.8086951472600004	-0.45895434192	0.232
d4_round2_gen799771	-14.8206	-14.738657526890002	-4.36506718658	-0.91524758517	0.34800000000000003
d4_round2_gen5642	-14.84836	-15.400081689949998	-4.7387757768	-0.7957683669600001	0.406
d4_round2_gen49532	-15.66575	-16.450734981630003	-4.7135264474900005	-0.0	0.34800000000000003
d4_round2_gen30676	-14.83156	-13.14576738932	-2.48660531952	-2.671085133	0.232
d4_round2_gen14445	-14.80227	-13.181071573730001	-3.34945316553	-0.0	0.17400000000000002
d4_round2_gen10501	-14.76231	-14.78007366709	-3.1320565769400006	-1.16640712962	0.29000000000000004
d4_round2_gen16280	-15.68435	-13.642888266659998	-3.94787443912	-1.75668933438	0.232
d4_round2_gen93700	-15.43898	-14.65782961034	-3.84073969619	-0.5534321562900001	0.232
d4_round2_gen65094	-14.93475	-13.23399221842	-4.7456829670400005	-0.0	0.232
d4_round2_gen25986	-15.07507	-13.952217064769998	-4.47109620394	-0.1779352731	0.232
d4_round2_gen49950	-18.36399	-15.372677220139998	-3.1868778405000002	-0.8787088793700001	0.6960000000000001
d4_round2_gen793611	-14.939	-14.138329654749997	-5.16036442341	-0.0	0.29000000000000004
d4_round2_gen42938	-14.83729	-14.66375463918	-4.35477688991	-0.15589456182000003	0.29000000000000004
d4_round2_gen247412	-14.80888	-14.058649263100001	-3.6460046954000003	-0.57207747015	0.232
d4_round2_gen83426	-14.79313	-14.45918646785	-2.99264187158	-1.6603317152100001	0.29000000000000004
d4_round2_gen628158	-14.9221	-15.237364505770001	-2.0714406123300004	-0.23923453275	0.5800000000000001
d4_round2_gen795717	-14.67883	-14.193565235280001	-3.36096807168	-2.27892260538	0.34800000000000003
d4_round2_gen1856	-14.80786	-15.52598760323	-2.20733824768	-1.39879799802	0.29000000000000004
d4_round2_gen95538	-14.77752	-12.8718070352	-4.40606179551	-1.8308770056900001	0.29000000000000004
d4_round2_gen131197	-14.75558	-13.69367868089	-3.6583573999600003	-0.0	0.17400000000000002
d4_round2_gen161522	-14.98388	-13.11726723318	-3.3317994309300003	-1.1598219384300001	0.17400000000000002
d4_round2_gen10254	-14.77008	-13.33695310086	-3.8568244437300003	-0.16585752726	0.17400000000000002
d4_round2_gen29668	-15.4489	-14.153957363149997	-4.09613109145	-0.8182790294400001	0.232
d4_round2_gen98846	-16.82791	-14.99353548398	-4.785361436400001	-0.0	0.29000000000000004
d4_round2_gen6412	-14.68164	-12.58411491819	-5.00412326116	-0.52072355277	0.232
d4_round2_gen298939	-15.90321	-15.01224201863	-2.8378546700700005	-0.8468226904500001	0.29000000000000004
d4_round2_gen22727	-14.80014	-14.472590475269998	-4.2504560835400005	-0.40945673178	0.29000000000000004
d4_round2_gen6871	-14.8707	-14.919578728440003	-5.172606309930001	-0.0	0.34800000000000003
d4_round2_gen6604	-15.34001	-13.040702707849999	-4.0921405899400005	-0.0	0.116
d4_round2_gen10687	-15.67273	-14.440903456309998	-4.5513396869800005	-1.26168386103	0.29000000000000004
d4_round2_gen769648	-15.63658	-13.4144573962	-1.29042031609	-0.93450970998	0.5800000000000001
d4_round2_gen12661	-14.91659	-13.380075560069997	-4.05253576548	-0.97487851806	0.232
d4_round2_gen399051	-15.10817	-13.598907632180001	-4.170934320520001	-0.0	0.17400000000000002
d4_round2_gen795716	-14.70028	-13.782945323089997	-3.9230434829800007	-2.15671179582	0.34800000000000003
d4_round2_gen672160	-14.88109	-11.72738706175	-2.1989255452700003	-0.9525323385000001	0.232
d4_round2_gen2799	-14.90019	-14.75379144226	-3.9587465305000005	-1.41562225098	0.34800000000000003
d4_round2_gen20857	-15.45489	-14.787660036979998	-5.027795888230001	-0.15730441542	0.29000000000000004
d4_round2_gen15712	-15.29248	-14.80342023391	-4.55061901903	-0.40757105259000004	0.29000000000000004
d4_round2_gen88	-14.76172	-15.29965379515	-1.9941857094700002	-1.78536223197	0.29000000000000004
d4_round2_gen2164	-15.11235	-15.440846455059999	-3.7950398795300004	-1.1801297046600001	0.34800000000000003
d4_round2_gen324460	-15.07078	-14.373782579089998	-4.22732001217	-0.0	0.232
d4_round2_gen466186	-15.07751	-12.28385634087	-4.196411949020001	-0.36005311188000005	0.116
d4_round2_gen35758	-15.72757	-13.514997119709998	-4.10369547475	-0.8682700883400001	0.17400000000000002
d4_round2_gen473191	-15.05781	-12.6335451254	-2.42255494723	-0.0	0.5800000000000001
d4_round2_gen2840	-15.0062	-14.718750038789999	-5.20511246741	-0.33822387864000003	0.34800000000000003
d4_round2_gen34090	-14.72029	-13.18476089911	-3.6212424745000003	-0.50068013409	0.17400000000000002
d4_round2_gen311902	-14.77768	-14.023401602580002	-3.6769586989400005	-0.54211220676	0.232
d4_round2_gen489	-15.15124	-14.65599302887	-5.282395074780001	-0.53146781208	0.34800000000000003
d4_round2_gen793908	-14.80713	-15.32455102662	-3.41365678935	-1.265343606	0.34800000000000003
d4_round2_gen54037	-15.75744	-14.7442789045	-3.4989922911900004	-0.27784689822	0.17400000000000002
d4_round2_gen253236	-14.88257	-14.159852398430003	-3.93624029837	-1.1354725918800002	0.29000000000000004
d4_round2_gen4519	-14.82257	-13.120222467269997	-5.1892661890700005	-1.71622653606	0.34800000000000003
d4_round2_gen293856	-15.04816	-14.109926163810002	-3.7933730499600005	-0.6648047163	0.232
d4_round2_gen107178	-15.07577	-13.18422612786	-3.3234807134400004	-0.32818454613000003	0.116
d4_round2_gen28884	-14.75401	-14.912550925870002	-4.61536866718	-0.40577348925	0.34800000000000003
d4_round2_gen201740	-14.85981	-13.9805762885	-3.74036029473	-1.48367118474	0.29000000000000004
d4_round2_gen587	-15.5292	-15.794935348589998	-4.275295105550001	-0.0	0.29000000000000004
d4_round2_gen4110	-15.42471	-13.82119586836	-4.39937589066	-0.80889762861	0.232
d4_round2_gen8595	-15.24967	-14.69659851501	-3.5134722812900003	-0.60337034568	0.232
d4_round2_gen794651	-14.76545	-13.68701581701	-3.3068243412	-1.22055138225	0.232
d4_round2_gen795812	-15.41013	-14.564723758040001	-4.45328080125	-0.0	0.232
d4_round2_gen31956	-15.0204	-14.260690956149999	-4.2721546766000005	-0.0	0.232
d4_round2_gen139620	-14.85397	-15.09157268709	-3.2532399612700003	-0.8507409085800001	0.29000000000000004
d4_round2_gen43104	-15.25612	-13.864320537129998	-3.5471073098800003	-0.51997750524	0.29000000000000004
d4_round2_gen43542	-14.9806	-14.508380331360001	-3.7724884083900005	-0.20720735847000002	0.232
d4_round2_gen249543	-14.80509	-13.50311663154	-2.8940124132200005	-1.87468820631	0.232
d4_round2_gen1582	-14.88308	-15.033541806390001	-4.151605339790001	-0.9155354302800001	0.34800000000000003
d4_round2_gen337	-15.32357	-14.58307931395	-3.935856994200001	-1.28216785896	0.29000000000000004
d4_round2_gen4764	-14.8733	-15.017809601189999	-4.2952076344400005	-2.51133697134	0.464
d4_round2_gen323229	-14.79208	-13.46928650292	-2.0244702458000003	-0.15692258007	0.17400000000000002
d4_round2_gen13291	-15.21223	-16.221643034239996	-3.5291653081000005	-0.7935713451	0.34800000000000003
d4_round2_gen11556	-14.75866	-14.056010445829997	-3.81980420457	-0.3283196571	0.522
d4_round2_gen799137	-14.85981	-14.333172056289998	-3.28128253643	-1.5848340549300002	0.29000000000000004
d4_round2_gen10184	-14.79128	-12.91462996073	-3.9836869019200005	-0.48964215528000005	0.17400000000000002
d4_round2_gen108643	-15.72492	-15.16391750951	-3.69329313776	-0.54834493455	0.232
d4_round2_gen2784	-15.20709	-14.06873035164	-4.183890913260001	-0.50749442649	0.232
d4_round2_gen506329	-14.91833	-11.8030981595	-3.79031187695	-1.0731629371500002	0.116
d4_round2_gen14491	-15.31944	-14.663426356559999	-5.13168955418	-0.0	0.29000000000000004
d4_round2_gen4206	-15.10486	-13.535531507289999	-3.3004698384000006	-1.7969582778300002	0.232
d4_round2_gen797541	-14.80258	-15.514404428530002	-2.14650931373	-1.46043797229	0.29000000000000004
d4_round2_gen3679	-14.78134	-14.7748744784	-4.5643474804599995	-0.6287712080400001	0.34800000000000003
d4_round2_gen5553	-14.7538	-13.095554562590001	-4.10139635111	-1.0107769153500001	0.232
d4_round2_gen65107	-14.83652	-15.73548893674	-3.4993924284800006	-0.8063363945700001	0.34800000000000003
d4_round2_gen2078	-14.8551	-12.755106934439999	-4.17332041528	-0.53627893749	0.17400000000000002
d4_round2_gen799407	-14.75576	-14.81568065156	-4.25439398155	-0.8669072298600001	0.34800000000000003
d4_round2_gen788019	-14.98698	-15.31593659643	-4.2160404190100005	-0.7076290194	0.34800000000000003
d4_round2_gen134471	-15.18851	-13.843937935720003	-4.01491584642	-0.0	0.17400000000000002
d4_round2_gen30397	-15.42797	-13.442184894729998	-3.57061616472	-1.1210098437000002	0.17400000000000002
d4_round2_gen10954	-14.82467	-14.327555794830001	-3.5132411765800002	-1.3197992013000002	0.29000000000000004
d4_round2_gen4181	-14.81432	-15.231411589529998	-3.0899411627700006	-1.6887108933000001	0.34800000000000003
d4_round2_gen6998	-15.22827	-13.8976680614	-4.386924291520001	-0.5068188716400001	0.232
d4_round2_gen183687	-14.76804	-13.255189471849999	-3.70284242646	-0.39849512004	0.17400000000000002
d4_round2_gen11044	-15.01461	-14.52370779563	-3.8485116879700003	-0.15591218499	0.232
d4_round2_gen101136	-14.84181	-14.47317719442	-3.6855565656700002	-0.5920268985900001	0.29000000000000004
d4_round2_gen278503	-16.04356	-13.405846037529999	-2.4669814085000006	-0.17755343775000001	0.5800000000000001
d4_round2_gen769517	-15.24637	-12.413300407280001	-3.7193988520500003	-0.0	0.058
d4_round2_gen17079	-15.39486	-15.16755065689	-4.5139519247	-0.20644956216	0.29000000000000004
d4_round2_gen14199	-14.98422	-14.277897746719999	-5.08932129252	-0.0	0.29000000000000004
d4_round2_gen253558	-14.89949	-14.078927940349999	-3.1916654603800003	-0.24275329236	0.17400000000000002
d4_round2_gen347222	-15.1117	-15.098646857359999	-2.6544701018200003	-0.0	0.6960000000000001
d4_round2_gen80256	-15.07477	-13.270616178229998	-3.06073394612	-2.2681724716800002	0.232
d4_round2_gen21710	-15.11468	-16.414755277959998	-3.9992210661600005	-0.0	0.34800000000000003
d4_round2_gen95926	-14.92226	-11.14236253628	-2.6748707911900005	-1.1005610921100002	0.406
d4_round2_gen792931	-15.43576	-14.975674861489999	-3.75125693441	-1.2197583396	0.29000000000000004
d4_round2_gen796729	-14.92544	-14.36487104791	-4.71776523752	-0.20499271344	0.29000000000000004
d4_round2_gen41253	-14.76362	-13.97333810481	-3.6883333290900002	-0.5489030016	0.232
d4_round2_gen799317	-15.36482	-13.82250928558	-4.867517232010001	-0.26985772782	0.232
d4_round2_gen15190	-15.22511	-14.471407980439999	-4.01256026169	-1.1909855773800002	0.29000000000000004
d4_round2_gen11956	-15.65671	-14.506148458610001	-4.24355415365	-0.5722067067300001	0.232
d4_round2_gen18040	-15.25917	-16.41746963732	-4.18293493232	-0.8990636407200001	0.406
d4_round2_gen3133	-15.19292	-12.72724695342	-3.5129855235700003	-1.61942833764	0.29000000000000004
d4_round2_gen10998	-14.89034	-14.57877510526	-2.7289324602100002	-1.92948451623	0.29000000000000004
d4_round2_gen656524	-14.95787	-14.31530003777	-1.5206518079900002	-0.0	0.638
d4_round2_gen200616	-16.74853	-14.03818724506	-3.34533816907	-0.34323473331	0.754
d4_round2_gen9405	-14.85576	-14.76741500523	-4.736366185810001	-1.86604697862	0.464
d4_round2_gen792394	-14.95466	-14.97815449712	-3.9660650801100004	-1.25499880521	0.34800000000000003
d4_round2_gen223845	-14.96037	-13.5295481175	-4.93642676494	-0.0	0.232
d4_round2_gen15091	-14.92152	-13.964870949209999	-3.9248586544200004	-1.39431583845	0.29000000000000004
d4_round2_gen797162	-15.17171	-14.56859629201	-3.9814028579500005	-1.05705535977	0.29000000000000004
d4_round2_gen792277	-14.9291	-13.060376825999999	-4.691462435450001	-1.5348371216400003	0.29000000000000004
d4_round2_gen6910	-15.22796	-13.212805052410001	-3.6735075586500003	-1.8953131896000002	0.232
d4_round2_gen574833	-14.95273	-13.1785453511	-3.0014396316100003	-0.51520162617	0.232
d4_round2_gen725	-14.75811	-13.671593111309997	-3.7529058787900005	-0.79056365742	0.232
d4_round2_gen19096	-15.10574	-15.51712741636	-5.19479236209	-0.57872140524	0.406
d4_round2_gen799126	-14.8753	-16.86146944981	-3.84714575042	-1.1216619009900002	0.464
d4_round2_gen40501	-15.21131	-14.111969493320002	-4.49919383743	-1.04204629332	0.29000000000000004
d4_round2_gen3312	-14.99169	-14.09796668363	-3.2419403787800003	-2.04039887382	0.29000000000000004
d4_round2_gen618518	-16.32653	-13.68213261601	-2.9665761359500005	-0.14989093524000002	0.5800000000000001
d4_round2_gen253987	-14.76676	-13.13487610007	-3.2213212095400006	-2.7275086489500002	0.29000000000000004
d4_round2_gen9087	-14.76799	-14.977148174509999	-3.3546072564600005	-0.75298518459	0.29000000000000004
d4_round2_gen1125	-14.93939	-15.52157912852	-3.4735549920400004	-0.30443438736000006	0.29000000000000004
d4_round2_gen2390	-15.33257	-14.171522566070001	-4.73741299546	-0.90582506361	0.29000000000000004
d4_round2_gen5590	-14.77578	-12.437661884379999	-3.4689988275600006	-2.32541252784	0.232
d4_round2_gen36772	-14.92073	-13.70974148064	-4.417540580590001	-0.28006154325000004	0.232
d4_round2_gen57	-14.79702	-14.329174002739999	-3.1855315415900005	-1.5984508909500001	0.29000000000000004
d4_round2_gen36742	-15.22434	-14.208727141119997	-4.56963588566	-0.0	0.232
d4_round2_gen163828	-15.17794	-15.476031334660002	-3.44577227817	-0.69247896759	0.29000000000000004
d4_round2_gen41404	-15.10176	-13.477172218549999	-3.2970060732700004	-0.9799246190700001	0.17400000000000002
d4_round2_gen5604	-14.9889	-13.664747519279999	-4.298825352480001	-0.5321198693700001	0.232
d4_round2_gen116540	-14.83296	-13.62638943317	-4.42364434004	-1.11124073313	0.29000000000000004
d4_round2_gen23055	-14.92536	-13.906486585580002	-4.68377250513	-0.6995164868100001	0.29000000000000004
d4_round2_gen21107	-14.81332	-13.10035097007	-4.30305677802	-0.0	0.17400000000000002
d4_round2_gen2640	-14.8094	-15.088269367310001	-3.9321971933600004	-0.11787550974000001	0.29000000000000004
d4_round2_gen37092	-15.13639	-14.303852514469998	-3.3096312639600005	-0.18190636074	0.406
d4_round2_gen2985	-14.77854	-11.228171592950002	-4.413519919740001	-0.0	0.29000000000000004
d4_round2_gen20308	-15.41703	-15.12476665215	-4.69037108817	-1.01796716871	0.34800000000000003
d4_round2_gen88268	-14.79008	-14.42505553234	-4.731611180100001	-0.8098669029600001	0.34800000000000003
d4_round2_gen798833	-15.02023	-13.848761389489997	-4.37483705929	-0.30190252527	0.232
d4_round2_gen795602	-15.16891	-14.709960462059998	-3.66233738077	-2.1180935559600003	0.34800000000000003
d4_round2_gen170789	-14.91116	-12.038767889619999	-3.06631202126	-0.6750907731900001	0.464
d4_round2_gen26438	-15.6852	-15.848109922799999	-4.9103389358400005	-0.43062215895	0.34800000000000003
d4_round2_gen10307	-14.66068	-13.743628644640001	-4.11282393545	-1.0845886257000001	0.29000000000000004
d4_round2_gen1144	-14.9112	-14.447637373860001	-3.6924981235300005	-1.12863480192	0.29000000000000004
d4_round2_gen2785	-14.92307	-16.376627498269997	-4.17686063083	-0.48301584336000003	0.406
d4_round2_gen795796	-14.76538	-15.37278787708	-4.038750842960001	-0.5321609901000001	0.34800000000000003
d4_round2_gen5958	-14.81048	-13.562850370359996	-3.9806208192500003	-2.4609170819700004	0.34800000000000003
d4_round2_gen278292	-14.86535	-13.290427709469999	-3.3740659924900003	-0.8106599456100001	0.17400000000000002
d4_round2_gen23191	-15.17817	-13.876967852509999	-3.9868865974800003	-0.8636175714600001	0.232
d4_round2_gen160345	-15.33704	-14.16212163604	-4.43065182762	-0.34065587610000003	0.232
d4_round2_gen1247	-14.85962	-13.99782178201	-3.8220184612300003	-1.3661892591300002	0.29000000000000004
d4_round2_gen633549	-15.35208	-12.237093248819999	-1.7242725920000002	-1.38937547646	0.5800000000000001
d4_round2_gen6390	-14.90443	-14.28515537517	-4.689827167980001	-0.28163000538000005	0.29000000000000004
d4_round2_gen29550	-14.9202	-13.834569074120001	-4.64138811173	-0.80482080195	0.29000000000000004
d4_round2_gen8143	-14.86781	-14.43855447724	-3.62934446557	-1.57663340649	0.34800000000000003
d4_round2_gen11946	-14.89905	-13.17280440978	-4.13406593013	-1.07474902245	0.232
d4_round2_gen245778	-14.92465	-13.29320585888	-2.8995564714300004	-1.3506045024600002	0.17400000000000002
d4_round2_gen319914	-15.3212	-14.097421743830001	-4.25655703747	-1.44011258289	0.29000000000000004
d4_round2_gen31369	-15.14535	-13.72481253984	-4.96579564968	-0.0	0.232
d4_round2_gen8552	-15.47596	-14.7808777817	-5.21387340499	-0.0	0.29000000000000004
d4_round2_gen6511	-14.92883	-14.91998585835	-4.777645204330001	-0.46732534767	0.34800000000000003
d4_round2_gen797227	-14.77959	-14.34018409364	-3.96113858699	-0.8038926483300001	0.29000000000000004
d4_round2_gen66936	-15.15031	-12.969072651499998	-4.39083097812	-0.45168772149	0.17400000000000002
d4_round2_gen304234	-15.0516	-13.098784811210002	-3.7483490129300003	-0.40079788092	0.232
d4_round2_gen4000	-14.75106	-15.142654549579998	-3.43325089172	-0.48567106764000006	0.29000000000000004
d4_round2_gen855	-14.82743	-13.93169274223	-3.6870438419600005	-0.6778693596600001	0.232
d4_round2_gen10334	-14.90536	-13.41050535818	-3.8290624205700006	-0.27523279467	0.17400000000000002
d4_round2_gen134118	-15.32464	-15.20614506193	-4.97447487649	-0.5164117505100001	0.34800000000000003
d4_round2_gen7303	-14.81923	-13.260362085170001	-3.5755931572	-0.5862582476100001	0.17400000000000002
d4_round2_gen76101	-15.8147	-14.989732081889999	-4.03642997654	-0.488161809	0.232
d4_round2_gen30061	-15.98197	-15.42059110434	-4.667415622150001	-0.5646639899700001	0.29000000000000004
d4_round2_gen743198	-16.41915	-12.496491496380001	-3.8023685991500003	-0.1300589946	0.464
d4_round2_gen42635	-14.86648	-13.41326710377	-4.261848248190001	-0.67428010737	0.232
d4_round2_gen52842	-14.76069	-12.634407259369999	-3.95122212586	-0.76781214495	0.17400000000000002
d4_round2_gen683075	-18.45235	-13.814122038980003	-4.0470411545600005	-0.58463691597	0.232
d4_round2_gen19261	-14.97171	-14.25663746145	-4.09615563975	-0.9899580771900002	0.29000000000000004
d4_round2_gen691085	-15.3285	-13.45033823844	-1.4807983443200001	-0.39387197511000005	0.232
d4_round2_gen526389	-14.90617	-14.621046005119998	-4.0519704532	-0.587439	0.29000000000000004
d4_round2_gen426800	-15.07258	-13.38995036885	-2.9839461623400005	-0.018786299220000004	0.116
d4_round2_gen7700	-14.76044	-14.43916451672	-3.9626928450700003	-1.5345140301900002	0.34800000000000003
d4_round2_gen33040	-14.84802	-15.37311359997	-3.99964785589	-1.5519785916600002	0.406
d4_round2_gen61170	-14.93595	-13.531061360579999	-4.10614013474	-0.78873084774	0.232
d4_round2_gen150703	-14.87609	-14.716331661940002	-3.2691654955500002	-1.24023058875	0.29000000000000004
d4_round2_gen9789	-15.02402	-15.101845669860001	-4.99169796377	-0.20187928674000002	0.34800000000000003
d4_round2_gen26169	-15.04206	-14.642628691939997	-4.09362260588	-0.7078463718300001	0.29000000000000004
d4_round2_gen22699	-14.96529	-16.257627507129996	-4.60052290741	-1.1063003711400001	0.464
d4_round2_gen371588	-15.07447	-12.659976607249998	-4.773825488850001	-0.27672488973000003	0.17400000000000002
d4_round2_gen793872	-14.955	-14.89275129318	-4.6872257495600005	-1.4893047247500002	0.406
d4_round2_gen93525	-15.25133	-14.098323664619999	-3.9505537107200004	-0.7672951986300001	0.232
d4_round2_gen165995	-16.2224	-13.499790594210001	-3.41521104743	-0.7343986146300001	0.5800000000000001
d4_round2_gen15198	-14.77775	-14.27291349229	-4.82292524506	-0.007248997260000001	0.29000000000000004
d4_round2_gen541	-14.87996	-14.474347547019999	-4.43022328444	-0.33734272014	0.29000000000000004
d4_round2_gen1720	-14.70515	-14.9250524077	-3.46601165014	-0.6171105438900001	0.29000000000000004
d4_round2_gen43279	-15.02102	-14.063326473630001	-4.259856328990001	-0.21126068757000002	0.232
d4_round2_gen109862	-14.77059	-14.025104523529999	-4.43535387914	-1.48236119577	0.34800000000000003
d4_round2_gen7169	-15.15387	-13.842808520290001	-3.7458927801700006	-1.1117283075000002	0.232
d4_round2_gen792384	-14.81035	-13.42171193031	-3.8793408458700007	-0.9704844743400001	0.232
d4_round2_gen5132	-14.82663	-12.666795176849998	-3.6234707587600004	-1.1318774652	0.17400000000000002
d4_round2_gen793871	-14.75483	-14.92878289897	-4.776243496400001	-1.09009880352	0.406
d4_round2_gen278303	-15.3046	-13.752837157799998	-3.5977423869100003	-0.63557375166	0.17400000000000002
d4_round2_gen6219	-14.86198	-14.378804643439999	-3.6181623642300003	-1.6481482303500001	0.34800000000000003
d4_round2_gen9227	-15.35309	-14.597946101450002	-4.33231028575	-0.91514772054	0.29000000000000004
d4_round2_gen17955	-14.79192	-13.625552512330001	-4.623092965120001	-1.7270060417100002	0.34800000000000003
d4_round2_gen277541	-14.82516	-13.662018976879999	-4.7001998768	-0.78347326869	0.29000000000000004
d4_round2_gen692392	-14.93467	-13.11417269406	-1.9081340986500004	-0.34838069895	0.406
d4_round2_gen24686	-15.2662	-14.344986687740002	-4.997329343790001	-0.39783718836	0.29000000000000004
d4_round2_gen308025	-15.24503	-13.861337042530002	-1.23479842726	-1.0383160556700002	0.5800000000000001
d4_round2_gen32655	-15.0343	-15.1795561318	-4.137805337600001	-1.8701473028400002	0.406
d4_round2_gen10741	-15.40749	-14.34012202033	-3.5148287502100004	-2.0595141388800005	0.29000000000000004
d4_round2_gen104382	-16.40593	-15.34449805992	-5.4657273902200005	-0.3970500201	0.29000000000000004
d4_round2_gen534042	-14.93216	-12.54434438873	-1.8513121486400002	-1.4092544122200001	0.29000000000000004
d4_round2_gen9057	-14.76422	-14.261431709249997	-4.053145615390001	-0.76287178296	0.29000000000000004
d4_round2_gen3666	-14.9425	-14.405240005289997	-3.3500682757900004	-1.5519080989800003	0.29000000000000004
d4_round2_gen16117	-14.94656	-14.407661143479999	-4.37761557616	-0.52970549508	0.29000000000000004
d4_round2_gen111997	-14.69195	-14.604274542359999	-4.8132128855100005	-1.2940634987100001	0.406
d4_round2_gen3014	-15.12063	-13.487145451320002	-3.9903377377700004	-0.30421116054	0.17400000000000002
d4_round2_gen29437	-15.24291	-13.70486320726	-4.572019876280001	-0.5253408233100001	0.232
d4_round2_gen1286	-14.90417	-13.39769360222	-4.5458787423	-0.44379254133	0.232
d4_round2_gen53474	-14.80108	-15.13335809522	-3.84513419258	-1.00983113856	0.34800000000000003
d4_round2_gen171	-14.97885	-14.054383462339999	-4.60410660852	-0.6918621566400001	0.29000000000000004
d4_round2_gen78311	-14.93902	-12.979731942789998	-4.65271189183	-0.80858628594	0.232
d4_round2_gen9099	-15.12468	-15.045367985369996	-4.161421503580001	-0.33805352133000005	0.29000000000000004
d4_round2_gen7046	-15.06704	-14.15310358136	-4.15998612941	-1.1555806288500001	0.29000000000000004
d4_round2_gen13020	-14.87074	-14.502099028049997	-4.3696349238300005	-0.34352257842	0.29000000000000004
d4_round2_gen61279	-15.10984	-13.825473072260001	-4.82689856276	-0.0	0.232
d4_round2_gen112625	-15.29135	-11.92775479127	-3.5957090862900003	-1.1123216208900002	0.17400000000000002
d4_round2_gen23305	-14.88113	-12.671833012689998	-5.10907460815	-0.587439	0.232
d4_round2_gen217607	-15.12202	-13.3533349212	-3.49515854811	-0.9276366736800001	0.17400000000000002
d4_round2_gen577837	-15.78098	-17.291859149369998	-3.8390770749	-0.18680560200000002	0.754
d4_round2_gen791670	-15.10443	-14.6166763475	-4.811459435510001	-0.08612443179	0.29000000000000004
d4_round2_gen46370	-15.02057	-15.058695391479999	-4.08954478256	-0.26750797182	0.29000000000000004
d4_round2_gen793151	-15.06666	-13.95462212623	-3.7540028371100003	-0.0	0.17400000000000002
d4_round2_gen38325	-15.23058	-13.315320122460001	-2.6871950898600003	-0.11930298651	0.058
d4_round2_gen15117	-14.99955	-12.582486742330001	-4.371284920280001	-0.6804305937000001	0.17400000000000002
d4_round2_gen7618	-15.37865	-15.232661840879997	-3.9567398823200004	-0.6822810265500001	0.29000000000000004
d4_round2_gen21527	-15.08871	-12.56725263613	-4.02530994733	-0.25993588311000004	0.29000000000000004
d4_round2_gen72	-14.89322	-13.646570129790002	-3.3426189188100004	-2.2521177638100003	0.29000000000000004
d4_round2_gen8574	-15.93463	-16.37863565021	-4.8635530322500005	-0.28076647005	0.34800000000000003
d4_round2_gen485528	-14.8325	-13.129585298170001	-2.63979582946	-0.35652260349	0.29000000000000004
d4_round2_gen799162	-14.7803	-14.557824593309999	-2.8508817515000002	-2.56086982782	0.34800000000000003
d4_round2_gen9700	-14.6746	-14.684504459429998	-3.91791008276	-0.36427092390000004	0.29000000000000004
d4_round2_gen369171	-15.12993	-14.94375924725	-4.438961076480001	-1.04630522607	0.34800000000000003
d4_round2_gen20874	-14.80032	-12.706412027369998	-3.8423679498600003	-0.8450603734500001	0.17400000000000002
d4_round2_gen795984	-14.80726	-12.83539348642	-4.109171148410001	-0.45703929078000005	0.17400000000000002
d4_round2_gen97277	-14.75702	-15.412052124110001	-3.07629791901	-0.5846839110900001	0.29000000000000004
d4_round2_gen73830	-14.84385	-14.46069758095	-3.8468157511300003	-0.87145988211	0.29000000000000004
d4_round2_gen14071	-14.75705	-13.248577508750001	-3.8450002290000005	-1.11370797693	0.232
d4_round2_gen717841	-14.77001	-16.47477254723	-3.88707566451	-0.45686893347000007	0.406
d4_round2_gen37060	-14.78401	-12.96818968215	-2.91612973014	-1.9228347067500002	0.34800000000000003
d4_round2_gen545044	-15.43968	-13.33662598791	-3.00327233755	-0.0	0.232
d4_round2_gen60621	-15.19358	-13.758779698429999	-3.79840615284	-1.18813062384	0.232
d4_round2_gen636304	-16.06907	-14.638733933980001	-3.0737557672	-0.23868234009000003	0.5800000000000001
d4_round2_gen1468	-15.04491	-14.914362848009999	-3.8992270730100005	-0.6264273264300001	0.29000000000000004
d4_round2_gen45111	-14.85507	-13.751702339579998	-4.9327757313500005	-0.9468224314200001	0.34800000000000003
d4_round2_gen15132	-17.24135	-14.246779758810002	-4.00589189134	-0.0	0.232
d4_round2_gen5319	-14.9048	-15.39794496607	-4.66741316732	-0.9380225952000001	0.406
d4_round2_gen58382	-14.89307	-15.56497223153	-4.775252446460001	-0.65579340204	0.406
d4_round2_gen17353	-14.79634	-14.28996833473	-4.0213096265	-0.8065772445600001	0.29000000000000004
d4_round2_gen2136	-14.93812	-13.050656508940001	-4.1018529494900005	-0.40969758177000004	0.17400000000000002
d4_round2_gen79858	-14.90778	-15.40122892864	-3.8717280673500003	-0.0	0.29000000000000004
d4_round2_gen1141	-14.8214	-13.786832145000002	-3.6058335065900007	-0.8968548700800001	0.232
d4_round2_gen872	-14.71791	-14.25859570814	-4.49694942143	-1.1261793069000001	0.34800000000000003
d4_round2_gen49884	-15.08665	-14.890193565380002	-3.2172237475800003	-0.50905113984	0.232
d4_round2_gen712853	-14.91343	-12.822552940439998	-2.9734328268300003	-0.0	0.6960000000000001
d4_round2_gen17447	-15.58669	-13.63948445474	-4.259851068640001	-0.42097641057	0.17400000000000002
d4_round2_gen90842	-14.86138	-12.340505659309999	-3.9470478627900003	-1.174878	0.17400000000000002
d4_round2_gen110686	-15.94168	-15.956050388680001	-5.07957912432	-0.49653281475	0.34800000000000003
d4_round2_gen11145	-14.78782	-15.24795095592	-3.61934454022	-1.1119397855400002	0.34800000000000003
d4_round2_gen3310	-14.93085	-13.645765979	-3.0286451097400002	-3.4938815683500004	0.34800000000000003
d4_round2_gen9759	-15.07914	-14.52367470657	-4.549834525500001	-0.41425610841000005	0.29000000000000004
d4_round2_gen795720	-14.71256	-15.22550621775	-3.20388525343	-1.4466742765200002	0.34800000000000003
d4_round2_gen39178	-15.11912	-14.819639577959997	-3.28192359775	-0.55209866976	0.232
d4_round2_gen81153	-15.25177	-14.33728696771	-5.36833551687	-0.0	0.29000000000000004
d4_round2_gen131394	-14.97247	-14.34179383643	-3.6114603276400006	-0.51799196142	0.232
d4_round2_gen793297	-15.25174	-15.634981755530001	-2.25986494657	-1.8220184255700003	0.29000000000000004
d4_round2_gen12889	-14.92599	-13.504612761239999	-4.46226618043	-0.44913236184000005	0.232
d4_round2_gen1074	-15.19028	-14.061552894990001	-4.4996928693000005	-1.06383440583	0.29000000000000004
d4_round2_gen390	-14.91042	-14.579974632299999	-3.25545947828	-2.3039768787300003	0.34800000000000003
d4_round2_gen17157	-14.89692	-14.21021704767	-4.242177695400001	-0.81324467721	0.29000000000000004
d4_round2_gen405309	-15.31558	-15.11257223384	-3.9519273634500003	-1.6272236531700002	0.34800000000000003
d4_round2_gen249640	-14.88193	-14.216729536519999	-4.152234126960001	-0.0	0.232
d4_round2_gen7270	-15.55304	-14.957637753659998	-4.35266924301	-0.7859287637100001	0.29000000000000004
d4_round2_gen281879	-15.14762	-13.144627970399998	-4.52867248814	-0.5627606876100001	0.232
d4_round2_gen27137	-15.16254	-15.451602238980001	-4.328559305510001	-0.70203660012	0.34800000000000003
d4_round2_gen20102	-14.82628	-14.093602772820002	-3.7478710224600005	-0.88557604128	0.406
d4_round2_gen3397	-14.86806	-15.648148275910003	-3.8506898235600002	-0.58722752196	0.34800000000000003
d4_round2_gen40069	-15.08874	-14.04340525372	-3.43003296028	-0.26890020225	0.29000000000000004
d4_round2_gen1029	-14.89822	-13.658278525170001	-3.1189183267800002	-1.6022809932300002	0.232
d4_round2_gen40594	-15.06209	-15.97925397523	-4.895103208790001	-0.3531683268	0.406
d4_round2_gen1637	-14.94548	-14.45669197494	-4.12524186835	-0.73111483062	0.29000000000000004
d4_round2_gen59726	-15.16617	-14.9538853383	-3.51313105992	-0.24639541416000002	0.232
d4_round2_gen793390	-14.90198	-14.91483778949	-3.44872859487	-1.7612008659	0.34800000000000003
d4_round2_gen53946	-15.12468	-13.335310474820002	-4.409338642870001	-1.80037129842	0.29000000000000004
d4_round2_gen1068	-14.82344	-14.257611902619999	-4.05297903764	-1.70942399244	0.34800000000000003
d4_round2_gen19744	-15.19607	-15.43905464934	-4.532137656030001	-0.5465356224300001	0.34800000000000003
d4_round2_gen602	-14.8683	-15.317407000549998	-4.45313421283	-0.31165988706000003	0.34800000000000003
d4_round2_gen375468	-15.3103	-16.33464752325	-2.6335416240000002	-0.36839474568	0.87
d4_round2_gen23756	-14.97735	-13.614251853469998	-3.6217611450100002	-2.1179114498700002	0.29000000000000004
d4_round2_gen436426	-14.90739	-12.0771510901	-2.6332084685000003	-1.06785836298	0.29000000000000004
d4_round2_gen798021	-17.02217	-16.054782403970002	-4.6703435329600005	-1.2715763337900001	0.29000000000000004
d4_round2_gen2536	-15.2771	-14.23522271313	-3.9322561092800004	-0.6804012217500001	0.232
d4_round2_gen9924	-15.26879	-13.400834805429998	-4.116946647090001	-1.31763742578	0.232
d4_round2_gen70996	-15.90068	-14.682723422130001	-4.938126208680001	-0.0	0.232
d4_round2_gen27381	-15.16033	-16.720957112209998	-4.30303222972	-1.2256327296	0.464
d4_round2_gen10756	-14.76673	-12.6349000257	-3.6258642180100003	-0.66000533967	0.17400000000000002
d4_round2_gen510678	-15.12088	-13.14113583852	-3.89340141073	-0.7430515911	0.17400000000000002
d4_round2_gen797733	-15.31455	-14.538398698330003	-4.3586137892000005	-0.0	0.232
d4_round2_gen59938	-16.33085	-15.329259230519998	-5.3804297629	-0.40026331143000005	0.29000000000000004
d4_round2_gen794609	-15.10218	-13.423643617520002	-3.30769335102	-1.90135793691	0.232
d4_round2_gen317883	-15.08497	-14.92325314018	-3.7467691544800004	-0.83010417651	0.29000000000000004
d4_round2_gen16761	-15.11844	-15.533872988989998	-3.43854666141	-0.56068702794	0.29000000000000004
d4_round2_gen20389	-14.88945	-14.195717152430001	-4.17918851105	-0.0	0.232
d4_round2_gen2553	-14.94214	-13.878050662979998	-4.723092218620001	-1.14694527555	0.34800000000000003
d4_round2_gen12914	-15.24704	-13.290599619280002	-4.6253023121200005	-0.90231805278	0.232
d4_round2_gen668	-14.91375	-14.314141901779998	-3.17530016084	-1.7854503478200001	0.29000000000000004
d4_round2_gen236886	-14.8914	-15.189991816630002	-4.28380705323	-1.51787775771	0.406
d4_round2_gen294504	-15.93162	-13.387312270659999	-2.5329356768	-0.9382047012900001	0.34800000000000003
d4_round2_gen6369	-14.81017	-14.248194669479997	-4.160069944320001	-0.29779632666	0.29000000000000004
d4_round2_gen7031	-15.75567	-13.326539993050002	-4.8587759330699996	-1.26235354149	0.232
d4_round2_gen792906	-15.05857	-14.368720766450002	-3.94561564483	-1.1409886440900001	0.29000000000000004
d4_round2_gen2306	-14.81961	-14.623974444089999	-3.9480354058300002	-1.4539878920700002	0.34800000000000003
d4_round2_gen1583	-14.83109	-14.52202341744	-4.82600745947	-0.68832577386	0.34800000000000003
d4_round2_gen151044	-14.94974	-12.805987720149998	-2.1145807426800003	-0.0254361087	0.406
d4_round2_gen1566	-15.31046	-14.016740511350001	-4.0577708658	-1.7178126213600002	0.29000000000000004
d4_round2_gen19235	-15.31134	-15.218074665100001	-4.52456205065	-0.93704744646	0.34800000000000003
d4_round2_gen474592	-16.03073	-13.95256489741	-4.14848490017	-0.7411894094700001	0.17400000000000002
d4_round2_gen40415	-15.33832	-13.14701640672	-5.419555895510001	-0.36101651184	0.232
d4_round2_gen15123	-14.90248	-13.195119570860001	-5.182120880320001	-0.88272696213	0.29000000000000004
d4_round2_gen2437	-15.0161	-15.34582587855	-4.53514938175	-0.40260131865000004	0.34800000000000003
d4_round2_gen20416	-14.78388	-13.367677433859999	-3.61699105963	-1.25396491257	0.232
d4_round2_gen92910	-15.13494	-14.200092686449999	-4.47748437298	-0.0	0.232
d4_round2_gen16843	-15.54582	-13.879729363029998	-3.2625002814100004	-1.1338747578000001	0.17400000000000002
d4_round2_gen3	-14.93209	-14.687580302719999	-3.0488125902600003	-1.561412862	0.29000000000000004
d4_round2_gen2597	-14.94465	-15.53273219252	-3.8344465641400003	-0.82389494628	0.34800000000000003
d4_round2_gen34967	-14.77058	-15.157190954050002	-3.8877735376100007	-0.9107536768200001	0.34800000000000003
d4_round2_gen49896	-15.34646	-12.828896902039997	-3.2381255729600005	-1.97068748769	0.17400000000000002
d4_round2_gen268504	-14.85165	-13.4751778628	-3.39429414238	-0.587439	0.29000000000000004
d4_round2_gen72613	-14.75856	-15.42395265911	-3.8506126717600004	-0.66002883723	0.34800000000000003
d4_round2_gen121088	-15.18838	-11.794932087720001	-3.1369174910300006	-1.1496944900700001	0.058
d4_round2_gen6644	-15.3282	-13.282656197469999	-4.322676831450001	-0.41348068893	0.17400000000000002
d4_round2_gen357332	-15.40687	-14.586828365469998	-4.3526310178	-0.9762002558100001	0.406
d4_round2_gen88508	-15.34758	-12.43765352465	-3.6292448696100004	-1.0785262552200001	0.116
d4_round2_gen509	-14.82697	-14.46653733794	-3.9253390997200004	-1.6264188617400002	0.34800000000000003
d4_round2_gen84	-14.82754	-15.78504733327	-3.9604189711100006	-1.14992359128	0.406
d4_round2_gen27159	-15.59484	-14.187174727979999	-3.7395217949400004	-0.40388193567	0.17400000000000002
d4_round2_gen739	-15.38491	-14.867725692060002	-4.4726634375500005	-0.54317547135	0.29000000000000004
d4_round2_gen50679	-15.0357	-14.927693522359998	-3.7526831906400004	-1.63281019806	0.34800000000000003
d4_round2_gen1866	-15.34732	-13.43629936148	-3.7118790063800007	-1.7911661292900003	0.232
d4_round2_gen60117	-14.80108	-15.106258367919999	-4.895325195560001	-0.0	0.34800000000000003
d4_round2_gen154396	-14.99208	-12.89334627389	-3.76407816081	-0.9650800355400001	0.17400000000000002
d4_round2_gen284403	-14.93035	-12.410110441710001	-2.35483214926	-1.4690145816900002	0.29000000000000004
d4_round2_gen50700	-14.78417	-15.442380278929999	-4.3926096778	-0.13823614548000002	0.34800000000000003
d4_round2_gen9426	-15.25516	-14.113021832579998	-5.0646334179	-0.54251166528	0.29000000000000004
d4_round2_gen455517	-15.51488	-14.716830093330003	-2.97341774716	-0.54660611511	0.522
d4_round2_gen58870	-14.79494	-12.77032863835	-2.02572641738	-0.0	0.522
d4_round2_gen65515	-15.18918	-14.315915006639997	-3.4286147699200002	-1.8835115400900002	0.29000000000000004
d4_round2_gen568775	-14.91823	-15.97527537735	-2.4911092311900003	-0.37396366740000003	0.9860000000000001
d4_round2_gen8201	-15.20895	-14.070717164660003	-4.926906583510001	-0.65168132904	0.29000000000000004
d4_round2_gen863	-14.75579	-12.190483397759998	-3.11927848541	-1.1712006318600001	0.406
d4_round2_gen8632	-15.24687	-12.94113941219	-3.72234710288	-2.1556367824500002	0.232
d4_round2_gen61417	-14.95381	-13.131040665409998	-3.99406311764	-2.20411224873	0.29000000000000004
d4_round2_gen113512	-14.891	-15.7023902103	-3.5147978894900005	-0.90196558938	0.34800000000000003
d4_round2_gen44723	-15.1162	-15.17182495273	-3.8787534401200006	-1.36190095443	0.34800000000000003
d4_round2_gen30379	-14.91255	-13.322590257569999	-3.37765530464	-0.8307268618500001	0.17400000000000002
d4_round2_gen9444	-14.81066	-14.540926856329998	-4.27782919149	-1.1863918044000001	0.34800000000000003
d4_round2_gen13943	-15.12215	-14.344101771640002	-4.07036624784	-1.1218910022000002	0.29000000000000004
d4_round2_gen3756	-14.84916	-14.268950870150002	-3.8394347787000003	-1.08470023911	0.29000000000000004
d4_round2_gen8952	-15.14299	-15.540047580589999	-4.32465577512	-1.4832658518300001	0.406
d4_round2_gen31387	-15.02826	-14.254703510719999	-4.582785357900001	-0.587439	0.29000000000000004
d4_round2_gen12676	-15.06716	-13.63570545507	-4.267735631910001	-0.68411971062	0.232
d4_round2_gen100999	-17.50757	-13.561046785469998	-3.4413662090100003	-0.49935839634000007	0.464
d4_round2_gen46247	-15.13661	-15.686618769210002	-4.88018660964	-0.7622960927400001	0.406
d4_round2_gen777706	-14.93505	-15.872891210359999	-4.17293711111	-0.9980353634400001	0.406
d4_round2_gen16174	-15.15925	-13.924609483679998	-4.787885703020001	-0.0	0.232
d4_round2_gen1703	-14.76519	-15.484157637260001	-3.1972530041500002	-0.39738486033000003	0.29000000000000004
d4_round2_gen20878	-15.10717	-13.97853982033	-4.66028539307	-0.0	0.232
d4_round2_gen794239	-14.89508	-15.26111574338	-3.9104701944100007	-1.8164377550700002	0.406
d4_round2_gen791901	-14.8891	-14.51764171784	-4.0561822401	-0.66665514915	0.29000000000000004
d4_round2_gen24501	-14.94823	-16.29295419145	-4.70129227615	-0.06893596665	0.406
d4_round2_gen101859	-14.91704	-14.050234781790003	-4.35906688068	-0.0	0.232
d4_round2_gen37743	-14.89696	-14.41599309738	-3.8419632536000003	-1.8580401850500001	0.34800000000000003
d4_round2_gen65078	-14.95359	-13.34351156668	-4.23844354828	-0.0	0.17400000000000002
d4_round2_gen610892	-14.77763	-13.84301361464	-3.29726733732	-1.9631800172700002	0.29000000000000004
d4_round2_gen317259	-14.78807	-14.646395102689999	-4.04220093118	-0.42314993487	0.29000000000000004
d4_round2_gen124539	-15.23667	-13.988057095440002	-2.21300995705	-2.5907117290200006	0.232
d4_round2_gen6657	-14.87954	-14.689756862440001	-3.6437017141700005	-0.8892769069800001	0.29000000000000004
d4_round2_gen7686	-15.25758	-16.20161521334	-5.30545855332	-0.44581920588000007	0.464
d4_round2_gen797321	-15.45982	-16.232568897670003	-3.2172767017700004	-0.5337881961300001	0.29000000000000004
d4_round2_gen798459	-14.85438	-15.217831083230001	-2.08840138349	-1.8930104287200002	0.29000000000000004
d4_round2_gen371119	-14.90036	-12.739551862170002	-2.47746388329	-0.12016652184	0.464
d4_round2_gen9041	-14.97016	-15.32063352598	-4.49855417887	-0.40811149647	0.34800000000000003
d4_round2_gen59564	-14.90357	-13.40921762113	-3.6586639030200003	-0.45042472764	0.17400000000000002
d4_round2_gen126635	-14.95534	-15.958337100380001	-3.4857295460800004	-0.75850711119	0.34800000000000003
d4_round2_gen66	-14.75834	-13.480629942179998	-4.50455413408	-1.07798581134	0.29000000000000004
d4_round2_gen144391	-14.82518	-12.94682961086	-4.1509509522500005	-0.32915969487	0.17400000000000002
d4_round2_gen17427	-14.8792	-15.22240304607	-3.3345214867100004	-0.6727233940200001	0.29000000000000004
d4_round2_gen54235	-14.88327	-14.4253096146	-4.2556371776	-0.55510635744	0.29000000000000004
d4_round2_gen439312	-14.88622	-14.01572892896	-3.9594275704800004	-1.26788134248	0.29000000000000004
d4_round2_gen584640	-15.71755	-14.4340437384	-2.05660642533	-0.14875717797000002	0.232
d4_round2_gen300823	-14.91339	-14.47220945032	-2.3184045762000003	-3.7935694485900004	0.406
d4_round2_gen1102	-15.35861	-14.15473018787	-4.78421608286	-0.9091969634700001	0.29000000000000004
d4_round2_gen62266	-15.27478	-14.16398505062	-4.403127572280001	-0.28977778431	0.232
d4_round2_gen797691	-15.15467	-15.22523520928	-4.13913059511	-1.10500800534	0.34800000000000003
d4_round2_gen462673	-15.54949	-12.8038040158	-2.26105483774	-0.48799145169	0.29000000000000004
d4_round2_gen6793	-15.45571	-15.073163157149999	-4.34778904097	-1.46185370028	0.34800000000000003
d4_round2_gen16983	-15.13124	-14.98898685804	-4.73472986627	-0.7039986463800001	0.34800000000000003
d4_round2_gen795869	-14.68934	-15.117935369749999	-3.4025139652900003	-1.32677797662	0.34800000000000003
d4_round2_gen3003	-15.72577	-14.421831156199998	-5.40004420529	-0.50207823891	0.29000000000000004
d4_round2_gen60950	-15.07522	-14.82791023975	-4.65479884802	-0.8772814026000001	0.34800000000000003
d4_round2_gen798942	-15.32105	-14.89884988912	-4.31078598562	-0.5992817702400001	0.29000000000000004
d4_round2_gen31688	-14.79329	-13.416740075540002	-4.05764672154	-0.7759070543700001	0.232
d4_round2_gen81008	-14.74447	-13.66584120316	-3.38096511686	-0.27828160308	0.17400000000000002
d4_round2_gen9693	-15.37466	-14.60850998394	-4.3597307368500005	-0.0	0.232
d4_round2_gen19984	-15.24737	-16.070488289940002	-3.2069485305800005	-1.3252095144900002	0.34800000000000003
d4_round2_gen197145	-15.25232	-13.212443614820002	-2.4180043937900004	-0.51638237856	0.34800000000000003
d4_round2_gen795759	-15.07062	-15.22689224401	-4.99320312525	-0.12742139349	0.34800000000000003
d4_round2_gen51688	-14.9851	-14.763314076570001	-3.3756493578400004	-1.2290163782399999	0.29000000000000004
d4_round2_gen159	-15.01862	-14.395027973109999	-3.7359096879400004	-1.27713350673	0.29000000000000004
d4_round2_gen199	-14.68388	-13.364404090000003	-3.7853717069200004	-1.82846850579	0.29000000000000004
d4_round2_gen792007	-15.01194	-15.489320969159998	-2.0889561750700003	-1.8234576511200002	0.29000000000000004
d4_round2_gen490	-15.30401	-15.826814430909998	-2.2644049793100005	-1.6867782189900002	0.29000000000000004
d4_round2_gen53162	-14.94435	-14.357036021309998	-4.07632552301	-0.0	0.232
d4_round2_gen188831	-15.47298	-14.84285468775	-3.9299794298000004	-0.3138099138	0.232
d4_round2_gen112028	-14.84444	-13.6966062713	-3.3558742994300004	-0.39739073472	0.17400000000000002
d4_round2_gen86631	-15.00886	-13.515679820419997	-4.06300631681	-0.9394324488000001	0.232
d4_round2_gen105530	-15.70626	-13.04316733775	-2.66508478674	-0.0	0.812
d4_round2_gen24383	-16.14487	-15.252501434370002	-4.77636132824	-0.82669703031	0.29000000000000004
d4_round2_gen22747	-14.85823	-15.09058496165	-3.8949816198700007	-0.21941434089000003	0.29000000000000004
d4_round2_gen25731	-14.81554	-14.05734489068	-3.1560220301600004	-1.06914485439	0.232
d4_round2_gen4025	-15.10171	-14.113986140380002	-4.7412060584999995	-1.1050315029000002	0.34800000000000003
d4_round2_gen3344	-15.13691	-14.37311822544	-4.0741351132700006	-0.22968277461000003	0.232
d4_round2_gen227110	-16.68053	-14.91689355063	-2.7335661271800005	-0.9849589713000001	0.232
d4_round2_gen20985	-15.24537	-13.67596074043	-3.7780072169200007	-1.3539294072	0.232
d4_round2_gen4879	-14.82619	-13.829185004410002	-4.540306278200001	-0.7862459807700001	0.29000000000000004
d4_round2_gen110881	-14.98858	-13.74216171068	-3.77499829672	-0.09517686678000001	0.17400000000000002
d4_round2_gen792218	-14.85302	-13.77114237837	-3.8836203159400005	-1.52812269387	0.29000000000000004
d4_round2_gen508963	-15.47726	-13.865837204359998	-2.4120819410700003	-0.09994099707000001	0.638
d4_round2_gen241744	-14.80937	-11.65992304612	-3.4164598545200002	-0.59262608637	0.058
d4_round2_gen42696	-15.01214	-14.4310857344	-3.84306652434	-0.2480754897	0.232
d4_round2_gen122003	-14.93086	-14.631758140259999	-3.6967547987500002	-0.09461879973000001	0.232
d4_round2_gen322098	-15.36454	-14.2858909489	-4.01920303167	-0.6501187413	0.232
d4_round2_gen795813	-15.52958	-14.653190284500003	-4.506288646820001	-0.0	0.232
d4_round2_gen401825	-14.85244	-13.25916316513	-2.9007954592000003	-0.0	0.5800000000000001
d4_round2_gen795765	-14.7865	-15.228493420379998	-4.00424785662	-0.72585725157	0.34800000000000003
d4_round2_gen9852	-14.86999	-14.11439553074	-4.2388759490500005	-0.0	0.232
d4_round2_gen436844	-15.04477	-12.51977027021	-3.64071804365	-0.6509000351700001	0.116
d4_round2_gen382210	-14.81193	-14.73314752339	-2.89186724249	-1.9509142909500001	0.34800000000000003
d4_round2_gen92136	-14.85492	-12.92044247639	-4.53810990673	-0.0	0.17400000000000002
d4_round2_gen466166	-17.53233	-13.986991231220001	-2.96429770302	-0.5867340732	0.34800000000000003
d4_round2_gen1483	-14.96592	-13.92475856817	-3.9032403693700006	-0.6347160907200001	0.232
d4_round2_gen198831	-14.87974	-15.714650745690001	-4.267500318920001	-0.11325823920000001	0.34800000000000003
d4_round2_gen325385	-15.02192	-12.363216394759998	-4.41443522064	-0.00220289625	0.116
d4_round2_gen3401	-14.794	-13.392723644209998	-3.82854339937	-1.03284699858	0.232
d4_round2_gen10231	-15.48944	-14.030107164849998	-5.078376959000001	-0.0	0.232
d4_round2_gen979	-14.8478	-15.406459859549996	-2.91053552326	-1.7426201703300002	0.34800000000000003
d4_round2_gen35391	-14.77281	-12.54054870157	-3.2182467103100003	-0.7404139899900001	0.116
d4_round2_gen260	-14.69448	-13.18151988813	-3.6970037886500005	-1.2526842955500002	0.232
d4_round2_gen27445	-15.42582	-15.50823008956	-4.9273610777500005	-0.40304777229000005	0.34800000000000003
d4_round2_gen255483	-15.27017	-12.95564559289	-2.9017552977300003	-1.2000967562700002	0.29000000000000004
d4_round2_gen301625	-14.75334	-12.896235456620001	-3.8486884357300006	-0.587439	0.17400000000000002
d4_round2_gen621	-15.06719	-13.333587571869998	-4.5190404366	-1.62110253879	0.29000000000000004
d4_round2_gen37200	-15.16591	-15.448804152949997	-4.18823070201	-1.29560846328	0.406
d4_round2_gen224461	-14.938	-14.631708663540003	-4.29568843043	-0.38473729866	0.29000000000000004
d4_round2_gen56372	-16.03564	-14.29065362256	-2.68303380232	-0.0	0.116
d4_round2_gen595409	-15.48004	-13.836369037980003	-3.7045916681800004	-0.6500071278900001	0.17400000000000002
d4_round2_gen63047	-14.90034	-13.325726384940001	-3.17216148534	-2.7530916174000004	0.29000000000000004
d4_round2_gen35549	-15.99536	-13.397334492480002	-3.9733538210700003	-1.43503710993	0.17400000000000002
d4_round2_gen34856	-14.99113	-13.93371724771	-3.6992068232300004	-1.7438126715000002	0.29000000000000004
d4_round2_gen13707	-15.04491	-13.08791390715	-4.59693289388	-0.0	0.17400000000000002
d4_round2_gen452583	-15.00368	-13.60311744229	-3.7441901802200004	-0.28585956618	0.17400000000000002
d4_round2_gen1040	-15.3412	-13.83162468198	-3.9743662631000003	-1.12093347663	0.232
d4_round2_gen71633	-17.17146	-15.146566331610003	-4.029176655270001	-0.0	0.17400000000000002
d4_round2_gen4982	-15.29089	-13.901006040879997	-4.3015775676	-1.5568837073100001	0.29000000000000004
d4_round2_gen15282	-14.9803	-15.02951794914	-4.53848724917	-0.65765558367	0.34800000000000003
d4_round2_gen57671	-15.56905	-14.987079208180003	-5.14119746146	-0.0	0.29000000000000004
d4_round2_gen27977	-14.80213	-15.320553372260001	-4.234516521660001	-0.43674914772000006	0.34800000000000003
d4_round2_gen53233	-14.89789	-14.43393300049	-4.18595542529	-0.6258751337700001	0.29000000000000004
d4_round2_gen111820	-14.92643	-13.26166712267	-3.34637340595	-0.9337636624500001	0.17400000000000002
d4_round2_gen20441	-15.0006	-14.125293491249998	-3.6842330616100005	-0.7009909587	0.232
d4_round2_gen538385	-15.22604	-14.349903622280001	-1.9156500867300001	-0.7399910339100001	0.754
d4_round2_gen6676	-14.77778	-13.66633314224	-4.21586577539	-1.2149942093100001	0.29000000000000004
d4_round2_gen66171	-15.45586	-13.81065016237	-4.35196190128	-0.0	0.17400000000000002
d4_round2_gen187519	-15.03081	-14.028190789099998	-3.6946029649100005	-0.8182496574900001	0.232
d4_round2_gen70954	-15.02614	-15.243747768739999	-3.1520799238700006	-1.01988809424	0.29000000000000004
d4_round2_gen797640	-15.26172	-15.212690807689999	-4.78079720605	-0.62022397059	0.34800000000000003
d4_round2_gen12760	-14.96054	-13.92057934493	-4.1820554018000005	-0.35829079488000004	0.232
d4_round2_gen100316	-15.45484	-13.5014334521	-2.4960150336000004	-0.35685156933	0.406
d4_round2_gen529159	-15.71096	-12.76037929146	-1.31407681142	-1.6356064077	0.406
d4_round2_gen3910	-14.79534	-15.28400681419	-3.9650754329300004	-1.60402568706	0.406
d4_round2_gen71414	-15.06507	-13.07189589519	-5.039276076070001	-0.46970447562	0.232
d4_round2_gen15153	-14.77733	-13.461451313409999	-3.3254449281300005	-0.587439	0.17400000000000002
d4_round2_gen31079	-14.76996	-12.249915740549998	-2.47423227494	-0.9061657782300001	0.5800000000000001
d4_round2_gen3562	-14.79771	-15.03308838077	-4.883214817790001	-0.0761320944	0.34800000000000003
d4_round2_gen66463	-14.79286	-11.30136681963	-3.1404156237800005	-1.2179783994300002	0.29000000000000004
d4_round2_gen79571	-15.23461	-14.248564264659999	-2.76806560662	-0.0	0.638
d4_round2_gen6529	-14.99894	-14.933392731049997	-4.20879656637	-1.12177938879	0.34800000000000003
d4_round2_gen207671	-15.13047	-12.05549011035	-3.6277859992100003	-0.32951215827	0.058
d4_round2_gen554716	-15.18202	-14.732998160109998	-3.7624085257200006	-0.242024868	0.232
d4_round2_gen5050	-15.74503	-13.0978198447	-3.9880098575500007	-1.41988705812	0.17400000000000002
d4_round2_gen38281	-14.80215	-14.146749952490001	-4.9799943864	-0.0	0.29000000000000004
d4_round2_gen1486	-14.88456	-14.75874117459	-3.74296907764	-0.73104433794	0.29000000000000004
d4_round2_gen306	-15.03942	-15.579905874810002	-2.20172755837	-1.65152013021	0.29000000000000004
d4_round2_gen137672	-16.07895	-14.587261772129999	-2.42929100075	-0.0	0.522
d4_round2_gen208927	-15.26958	-15.013405984259999	-3.00829491973	-1.71443484711	0.29000000000000004
d4_round2_gen50471	-15.20013	-14.942090132120002	-4.9073531611800005	-0.6761246658300001	0.34800000000000003
d4_round2_gen40710	-15.44996	-13.590886022460001	-3.9323725383600006	-0.6407549636400001	0.17400000000000002
d4_round2_gen87843	-17.27971	-13.96724079418	-3.7867425541300004	-0.031662962100000004	0.232
d4_round2_gen29162	-14.75328	-13.585767819660001	-3.6796853136900003	-0.94164121944	0.232
d4_round2_gen52002	-15.06509	-14.4164789173	-3.64141486468	-0.52793730369	0.232
d4_round2_gen799230	-14.8828	-14.008623039659998	-3.45941727538	-1.7656419047400003	0.29000000000000004
d4_round2_gen799020	-14.8597	-13.7128276486	-3.3017228537700003	-2.1861542385	0.29000000000000004
d4_round2_gen64392	-15.4619	-11.88251684237	-3.57957454077	-0.0	0.232
d4_round2_gen16137	-15.09229	-14.693967652849999	-4.630022599520001	-1.0671299386200002	0.34800000000000003
d4_round2_gen2013	-14.86672	-14.1754527594	-4.84792488309	-0.19216304568000003	0.29000000000000004
d4_round2_gen2405	-14.86896	-13.843486265180001	-3.86586207572	-1.5012179876700003	0.29000000000000004
d4_round2_gen65564	-14.75953	-13.741681224839997	-4.24251996884	-0.22510075041	0.232
d4_round2_gen22986	-14.89183	-14.725792696750002	-3.5485728433900006	-0.09997624341000001	0.232
d4_round2_gen2335	-14.8295	-13.613890034049998	-3.94342663785	-0.74602990683	0.232
d4_round2_gen1466	-14.70203	-14.395718879449998	-4.2534481706200005	-1.20144786597	0.34800000000000003
d4_round2_gen64269	-15.09633	-14.80949833936	-4.12453628007	-1.45857579066	0.34800000000000003
d4_round2_gen7528	-14.98634	-15.13331868849	-4.748876350180001	-0.35935405947000004	0.34800000000000003
d4_round2_gen24557	-14.76044	-13.91578637551	-3.4392098162000004	-0.0	0.17400000000000002
d4_round2_gen5515	-14.82833	-14.270990178940002	-4.38409597667	-1.3754120514300001	0.34800000000000003
d4_round2_gen120283	-14.8286	-12.951556176730001	-4.47593256973	-0.0	0.17400000000000002
d4_round2_gen23167	-15.21775	-13.48297489046	-4.760071076360001	-0.52845425001	0.232
d4_round2_gen795980	-14.81914	-15.0473213033	-3.89838471563	-0.20974509495000002	0.29000000000000004
d4_round2_gen379233	-15.06169	-13.1102469633	-4.59413999872	-0.0	0.17400000000000002
d4_round2_gen56078	-14.79802	-14.108402843770001	-4.31228308123	-0.70391053053	0.29000000000000004
d4_round2_gen102791	-15.09646	-12.140977193309999	-3.3791464385200003	-0.45834927975000006	0.058
d4_round2_gen794778	-14.99342	-14.96232047925	-2.4964702292200003	-1.91123866089	0.29000000000000004
d4_round2_gen792529	-14.84761	-14.761116796049997	-3.3896727495600003	-1.04107114458	0.29000000000000004
d4_round2_gen794868	-15.15738	-14.643821479229999	-4.03822235313	-0.9101251170900001	0.29000000000000004
d4_round2_gen5550	-15.13938	-13.45940718064	-3.8967045598400003	-1.32189635853	0.232
d4_round2_gen27932	-15.23088	-13.03626669147	-3.8414081113300007	-0.13062293604	0.232
d4_round2_gen96451	-15.15281	-14.2883561521	-3.5264236136800005	-0.8884251204300001	0.232
d4_round2_gen50983	-14.89677	-14.15043780493	-3.9163032211800006	-0.31916735748	0.232
d4_round2_gen8075	-14.69654	-14.22250142989	-4.40929059834	-1.2234004614	0.34800000000000003
d4_round2_gen77456	-14.89307	-13.869906205859998	-4.5122195161	-0.0	0.232
d4_round2_gen51415	-15.13097	-12.834415810539998	-4.312140350400001	-2.40901684632	0.29000000000000004
d4_round2_gen10015	-14.93034	-14.138667716359997	-4.27708116972	-0.0	0.232
d4_round2_gen10898	-15.16921	-13.638389605449998	-4.18880162533	-0.88573464981	0.232
d4_round2_gen584347	-14.78331	-14.5988000018	-3.6355404564900002	-0.0	0.232
d4_round2_gen26033	-15.51502	-14.755306550269998	-4.38721010387	-0.0	0.232
d4_round2_gen94343	-14.82287	-16.04717019892	-4.50331725045	-0.34342858818000005	0.406
d4_round2_gen22011	-15.37589	-13.935648543869998	-3.17919457329	-1.8542747010600003	0.232
d4_round2_gen71280	-14.78219	-13.80602836606	-4.28558084325	-0.14935049136000003	0.232
d4_round2_gen63125	-14.86458	-13.585891679010002	-3.8853699083500004	-0.0	0.17400000000000002
d4_round2_gen31941	-14.79816	-13.046671950399999	-4.757611687390001	-0.45884272851	0.232
d4_round2_gen12315	-14.97365	-13.992862122689997	-3.76801851365	-0.7111007838900001	0.232
d4_round2_gen794192	-14.88014	-13.93801352501	-3.8922991920600003	-1.4071572549900002	0.29000000000000004
d4_round2_gen25992	-14.83017	-11.8781551522	-4.778340622600001	-0.7773874006500001	0.34800000000000003
d4_round2_gen13170	-15.05496	-16.11664803065	-4.8414227398000005	-0.26345464272	0.406
d4_round2_gen68878	-15.24434	-15.60936878332	-4.61985258952	-1.2504637761300001	0.406
d4_round2_gen8222	-15.3684	-13.238811716899999	-4.85308002609	-0.8674417993500001	0.232
d4_round2_gen35947	-14.81559	-15.139137136870001	-3.18535058555	-0.8190779464800001	0.29000000000000004
d4_round2_gen17093	-15.27328	-14.395133179869998	-5.6398814469800005	-0.5839496123400001	0.34800000000000003
d4_round2_gen9433	-15.65401	-13.682596462480003	-4.2121691521	-1.42266564459	0.232
d4_round2_gen799380	-14.6756	-14.61113064737	-4.17997791424	-1.03303497906	0.34800000000000003
d4_round2_gen49051	-14.92133	-14.945035668669998	-4.20055991034	-0.13556329803	0.29000000000000004
d4_round2_gen332409	-15.23829	-13.119141580750002	-2.47321211773	-0.53461061073	0.232
d4_round2_gen544	-14.8587	-14.06440842096	-3.5201957099700003	-1.6180831023300002	0.29000000000000004
d4_round2_gen6837	-15.04335	-13.219830516980004	-3.14173597163	-2.1997886976900003	0.232
d4_round2_gen11947	-14.81637	-14.202030255879999	-4.083259365690001	-0.0	0.232
d4_round2_gen792354	-15.46744	-15.822525967630002	-4.144921889770001	-1.37562352947	0.464
d4_round2_gen25741	-14.77695	-12.99374205593	-4.37845337457	-0.0	0.17400000000000002
d4_round2_gen75916	-14.76462	-13.848910627839999	-4.36324815755	-0.0	0.232
d4_round2_gen23623	-14.75469	-14.058445923850002	-4.458491002580001	-0.54153651654	0.29000000000000004
d4_round2_gen38162	-15.06917	-14.751326756080003	-3.32125804022	-0.5244361672500001	0.232
d4_round2_gen32745	-15.97467	-12.936245765559999	-3.0407526819900004	-0.0	0.232
d4_round2_gen1883	-15.17939	-14.60612092518	-4.337200307110001	-0.6762421536300001	0.29000000000000004
d4_round2_gen138829	-15.58023	-14.65146105761	-3.45935976222	-1.11914178768	0.232
d4_round2_gen5359	-15.02373	-13.521728237399998	-5.5727067774800005	-0.32726814129000004	0.29000000000000004
d4_round2_gen545889	-16.23174	-14.15435695235	-1.80003530891	-0.27549126783	0.812
d4_round2_gen799682	-14.97324	-14.69339578043	-3.5827861597900004	-1.0718235762300001	0.29000000000000004
d4_round2_gen84569	-14.80792	-13.53867033289	-3.2971694948100003	-2.2999411728	0.29000000000000004
d4_round2_gen51109	-15.27754	-15.231220650829998	-4.51317304221	-0.0	0.29000000000000004
d4_round2_gen633227	-15.61678	-13.626442292330001	-2.8387036905600005	-0.9756128168100001	0.116
d4_round2_gen22982	-15.07952	-18.00411217504	-4.051851919980001	-0.9585535882500001	0.522
d4_round2_gen34933	-14.97587	-14.872383770429996	-4.08892335988	-0.39145172643000004	0.29000000000000004
d4_round2_gen2716	-14.8665	-15.623089713989998	-3.7837658974100004	-0.6753198744000001	0.34800000000000003
d4_round2_gen797342	-14.79659	-14.52862893816	-4.4567613995	-1.00543122045	0.34800000000000003
d4_round2_gen14072	-14.96055	-14.254588743420001	-4.20374347416	-0.0	0.232
d4_round2_gen103282	-15.16988	-15.01819390267	-3.1617796585800004	-2.3091287187600003	0.34800000000000003
d4_round2_gen3089	-14.84285	-14.967803478639999	-3.6782236377700004	-1.39933256751	0.34800000000000003
d4_round2_gen10775	-14.82952	-14.526520167169998	-3.76802202055	-0.0	0.232
d4_round2_gen78465	-15.75768	-15.015299243070002	-5.018617278860001	-0.33342450201000007	0.29000000000000004
d4_round2_gen2797	-14.78527	-14.949680089490002	-4.51864380621	-0.5013204426000001	0.34800000000000003
d4_round2_gen420390	-15.54202	-13.63476003494	-2.4405267576600003	-0.8274254546700001	0.638
d4_round2_gen10601	-15.45459	-15.41266389073	-4.68640443358	-0.76947459732	0.34800000000000003
d4_round2_gen792316	-14.82444	-14.750817077259999	-2.32234703318	-2.08226565135	0.29000000000000004
d4_round2_gen10672	-15.98943	-15.476205695760001	-4.80619908551	-0.37520316369	0.29000000000000004
d4_round2_gen798271	-14.74935	-14.33167798385	-3.2247039652800003	-2.36879489799	0.34800000000000003
d4_round2_gen37271	-15.40958	-14.198939365460001	-3.91183507989	-0.8929718982900001	0.232
d4_round2_gen511356	-15.04387	-12.862477868720001	-2.8788787369600004	-0.17478072567000003	0.232
d4_round2_gen49879	-14.81957	-14.400434857219999	-4.196927463320001	-0.5558524049700001	0.29000000000000004
d4_round2_gen7126	-15.08296	-14.974628082390003	-3.5701143273300002	-0.06234490107000001	0.232
d4_round2_gen6675	-14.83654	-15.086423728020002	-2.6643848095	-0.5524100124300001	0.232
d4_round2_gen5898	-15.0039	-15.079130342660001	-5.18531005518	-0.0	0.34800000000000003
d4_round2_gen798008	-14.99452	-15.7963734178	-4.322041381170001	-1.0162459724400001	0.406
d4_round2_gen129180	-14.92917	-14.094031622990002	-4.32490301157	-0.0	0.232
d4_round2_gen785008	-14.91857	-16.49091513373	-3.6679750732100005	-0.8656266128400001	0.406
d4_round2_gen41116	-14.93127	-14.28039316417	-3.3479157405700004	-0.79949860461	0.232
d4_round2_gen3512	-15.17058	-12.88688252018	-5.247523513250001	-0.587439	0.232
d4_round2_gen2296	-15.35541	-15.47946989518	-4.34928613658	-0.90685895625	0.34800000000000003
d4_round2_gen6464	-15.72164	-15.233390342360003	-4.343834660530001	-0.7481211896700001	0.29000000000000004
d4_round2_gen796019	-14.76539	-12.8307481733	-4.10523044488	-0.42943553217	0.17400000000000002
d4_round2_gen378	-14.96507	-13.296294181100002	-3.50450689144	-1.6619471724600003	0.232
d4_round2_gen231519	-14.9564	-14.057269440429998	-4.40011584656	-0.0	0.232
d4_round2_gen24556	-15.29991	-14.7690436412	-3.9653549328600004	-1.0448190054	0.29000000000000004
d4_round2_gen407855	-16.01476	-15.52100632521	-3.7327766234800004	-0.5089395264300001	0.232
d4_round2_gen368758	-14.93886	-11.033848778189999	-2.6924301901800005	-1.20615912675	0.522
d4_round2_gen785522	-15.40161	-14.434237863100002	-2.95715800531	-0.2568283308	0.812
d4_round2_gen1463	-14.76038	-15.593561141999999	-4.172528557260001	-0.17376445620000003	0.34800000000000003
d4_round2_gen55595	-15.03372	-13.580613962019996	-4.00215634146	-0.9647921904300001	0.232
d4_round2_gen14525	-14.97253	-13.111163833780001	-5.21968714381	-0.14422802328	0.232
d4_round2_gen23393	-14.77269	-13.972522999279999	-3.78541589386	-0.46872345249	0.232
d4_round2_gen36330	-14.88322	-13.989733412449997	-3.8443058628	-0.5296173792300001	0.232
d4_round2_gen799404	-14.87213	-13.47587605117	-4.03820832553	-0.84012001146	0.232
d4_round2_gen9177	-15.39712	-14.157106047900001	-4.5933474393200004	-0.24933848355000002	0.232
d4_round2_gen154114	-15.29163	-15.986209000990002	-4.07198363012	-0.5941064326500001	0.34800000000000003
d4_round2_gen333774	-17.2272	-14.00797723444	-2.9516763699200004	-0.26999871318	0.34800000000000003
d4_round2_gen8463	-14.85301	-15.254646490759999	-3.6293058896700003	-0.30831735915	0.29000000000000004
d4_round2_gen82335	-15.59983	-14.440253078600001	-5.70202126015	-0.01770541146	0.29000000000000004
d4_round2_gen181075	-14.85841	-15.16177840995	-3.50848266397	-0.53998567758	0.29000000000000004
d4_round2_gen9577	-14.896	-13.62090275551	-3.37869790601	-0.50717133504	0.17400000000000002
d4_round2_gen36625	-15.44501	-15.241516912409999	-4.72393141979	-0.0	0.29000000000000004
d4_round2_gen66058	-15.01049	-14.056152943839999	-4.01304246044	-0.44914998501000003	0.232
d4_round2_gen795487	-14.81742	-14.747556722590001	-3.7151856623900006	-1.55986202304	0.34800000000000003
d4_round2_gen113946	-14.88374	-13.430257932479998	-3.06698709951	-0.9984465707400001	0.17400000000000002
d4_round2_gen21161	-14.80278	-14.52180332137	-4.25626561408	-0.34885065015	0.29000000000000004
d4_round2_gen35556	-15.08846	-14.436724896309997	-4.3525328246	-1.59550194717	0.34800000000000003
d4_round2_gen724179	-15.77686	-13.491212254879999	-2.28773217673	-0.0	0.232
d4_round2_gen16466	-14.82363	-15.460072417680001	-2.8330926505600003	-0.0	0.232
d4_round2_gen41461	-15.25964	-16.01288410208	-4.46132317502	-1.92552517737	0.464
d4_round2_gen1005	-14.99462	-14.295990998680002	-3.8690098691600006	-1.20657033405	0.29000000000000004
d4_round2_gen675250	-15.82694	-15.57185562199	-3.03025547822	-0.0	0.9860000000000001
d4_round2_gen28086	-14.84819	-15.401312210459999	-4.56752297841	-0.08909099874	0.34800000000000003
d4_round2_gen143928	-14.97855	-12.78595248385	-2.6087113692400004	-0.46784229399	0.232
d4_round2_gen31962	-14.83385	-15.008374296729999	-4.21023158985	-0.8162464905000001	0.34800000000000003
d4_round2_gen349406	-14.76792	-14.97787961775	-3.5548551040500005	-0.54536074443	0.29000000000000004
d4_round2_gen153892	-15.6862	-13.35654119751	-2.41019698232	-0.8421995455200001	0.29000000000000004
d4_round2_gen119310	-15.07382	-14.653857379479998	-4.16160351169	-1.54560487851	0.34800000000000003
d4_round2_gen22135	-14.85197	-12.930120947779999	-2.7850845923200005	-0.0	0.406
d4_round2_gen514997	-14.88629	-15.007656581140001	-3.6133957857500003	-1.49247102096	0.34800000000000003
d4_round2_gen64799	-14.83273	-14.411415341890002	-3.09394253567	-0.78373761624	0.232
d4_round2_gen795017	-14.76059	-14.05775788707	-3.7002631015100005	-0.45662808348000006	0.232
d4_round2_gen168434	-14.87311	-13.508182922849997	-4.11977390987	-0.7246118808900002	0.232
d4_round2_gen17055	-15.76029	-14.672093497719999	-4.49720367168	-0.27721833849	0.232
d4_round2_gen12738	-14.95156	-13.429115125460001	-5.051851468780001	-1.28409465888	0.34800000000000003
d4_round2_gen6011	-15.13207	-13.840514392740001	-4.130214301860001	-1.58491629639	0.29000000000000004
d4_round2_gen75601	-14.8639	-14.74976914139	-4.45969106376	-0.0	0.29000000000000004
d4_round2_gen3736	-14.83997	-14.73805990483	-3.5863256739600007	-0.42346127754	0.29000000000000004
d4_round2_gen156000	-15.09795	-14.03248087071	-4.162685741030001	-1.3116749199300002	0.29000000000000004
d4_round2_gen346771	-16.36317	-13.3255500643	-3.1648239984700006	-0.8261154657000002	0.754
d4_round2_gen210647	-15.53177	-15.427801405740002	-3.3951003786900005	-0.34096134438000003	0.522
d4_round2_gen111896	-14.8617	-13.784772120240001	-4.54998847841	-0.0	0.232
d4_round2_gen799385	-14.78421	-13.324551871809998	-3.6655770549900004	-1.25038153467	0.232
d4_round2_gen2492	-14.75005	-12.92769989185	-3.6674220350800004	-1.60469536752	0.232
d4_round2_gen3812	-14.98345	-14.790561093890002	-5.31900114905	-0.13019997996000002	0.34800000000000003
d4_round2_gen66215	-15.7028	-14.37451566498	-2.4435623303000003	-0.7294758758100001	0.406
d4_round2_gen148695	-15.34667	-13.9930712138	-2.2526547601700004	-0.0	0.464
d4_round2_gen11714	-14.78886	-15.57588018162	-4.28650000174	-0.11614256469	0.34800000000000003
d4_round2_gen21767	-14.7672	-14.422365592720002	-3.4616795765700004	-1.2015359818200002	0.29000000000000004
d4_round2_gen408654	-14.83616	-13.586730308319998	-3.41369326111	-0.0	0.464
d4_round2_gen17940	-15.53944	-12.479877224200001	-3.10071786647	-1.77657414453	0.232
d4_round2_gen14873	-15.41527	-12.83798214636	-3.9441210040500003	-1.3443600258900001	0.17400000000000002
d4_round2_gen7433	-15.44529	-15.743497050180002	-4.52413526092	-0.59756644836	0.34800000000000003
d4_round2_gen133180	-15.26072	-14.324254954749998	-4.213976257670001	-0.28726941978000003	0.232
d4_round2_gen57156	-15.96462	-14.17744622452	-4.140072899140001	-0.9147600108	0.232
d4_round2_gen427893	-15.06973	-11.60696588559	-4.0288038718	-0.32325593292000004	0.116
d4_round2_gen23155	-15.6882	-14.214285508260001	-5.144273363450001	-0.9185489923500001	0.29000000000000004
d4_round2_gen1207	-15.13716	-15.22506221366	-3.9677413783100004	-0.37291215159	0.29000000000000004
d4_round2_gen25517	-16.50988	-14.40795207204	-2.78742965635	-0.27814061772000004	0.406
d4_round2_gen651	-15.25179	-14.62321474387	-4.385487865280001	-1.1480320377	0.34800000000000003
d4_round2_gen29579	-15.21486	-14.16574938188	-4.5661058401200005	-0.03574566315	0.232
d4_round2_gen78938	-14.94037	-14.088948659760003	-3.56436546616	-0.78125862366	0.232
d4_round2_gen7100	-15.18165	-13.306243695770002	-3.18977944956	-1.34810201232	0.17400000000000002
d4_round2_gen3549	-15.18487	-14.304994859339999	-4.599500996750001	-0.71681069097	0.29000000000000004
d4_round2_gen213159	-15.32307	-14.16163260308	-3.53654137087	-0.30527442513	0.17400000000000002
d4_round2_gen86465	-14.94401	-15.14282149568	-4.01185607617	-1.0290227706900001	0.34800000000000003
d4_round2_gen129088	-15.05119	-13.545649259660001	-4.703348020930001	-0.76133269278	0.29000000000000004
d4_round2_gen795715	-14.65552	-14.955097467000002	-3.2877317255300005	-1.55005179174	0.34800000000000003
d4_round2_gen4679	-14.8242	-14.009312820719998	-4.17560901822	-1.8490993634700001	0.34800000000000003
d4_round2_gen796131	-14.77147	-14.941131535619999	-2.63638712266	-1.5063522045300002	0.29000000000000004
d4_round2_gen795900	-15.2821	-15.512222964650002	-3.4173660374800003	-0.8132857979400001	0.29000000000000004
d4_round2_gen9249	-14.98255	-14.030351324109999	-4.53006648089	-0.8073291664800001	0.29000000000000004
d4_round2_gen799166	-15.05308	-14.703888817080001	-3.3095379804200005	-1.4415106877100001	0.29000000000000004
d4_round2_gen95394	-15.09767	-14.56919001344	-4.060204303710001	-0.0	0.232
d4_round2_gen16489	-15.19488	-14.6047608047	-3.7227402263700005	-0.41837993019	0.232
d4_round2_gen30867	-15.34273	-16.67928153156	-3.3412782309400004	-0.6917622920100001	0.34800000000000003
d4_round2_gen40320	-14.8821	-13.496278568979998	-4.453363914780001	-1.28285516259	0.29000000000000004
d4_round2_gen33822	-15.81535	-10.39579091001	-4.61732656945	-1.2733327764000002	0.406
d4_round2_gen59882	-15.08702	-14.711881376130002	-4.25229966087	-0.53086274991	0.29000000000000004
d4_round2_gen148794	-14.81261	-13.656945205989999	-3.60138114635	-0.587439	0.232
d4_round2_gen405240	-16.99311	-15.383737609139997	-3.4393742898100004	-0.15734553615	0.29000000000000004
d4_round2_gen248842	-14.91462	-13.79134138792	-2.7871568195300003	-0.07551528345	0.116
d4_round2_gen792640	-15.04863	-13.50455366352	-4.015774335540001	-1.0493187881400001	0.232
d4_round2_gen15692	-14.80902	-12.845602307570001	-3.9697760816900005	-0.587439	0.17400000000000002
d4_round2_gen147824	-15.28799	-14.270252086689998	-4.5933797028	-0.0	0.232
d4_round2_gen40556	-14.96377	-13.693079983059999	-3.8930458110700004	-0.0	0.17400000000000002
d4_round2_gen13944	-14.90214	-14.23370236159	-4.500197161520001	-0.5251645916100001	0.29000000000000004
d4_round2_gen791992	-14.83985	-15.584361311069998	-3.9094012912900005	-1.41646228875	0.406
d4_round2_gen5322	-15.27103	-11.879552210099998	-2.95583590401	-2.22057228951	0.406
d4_round2_gen796184	-15.43718	-16.276734815329995	-3.7485548679600003	-0.8258863644900001	0.34800000000000003
d4_round2_gen10419	-14.75865	-15.80044705709	-4.05802125846	-0.07826449797	0.34800000000000003
d4_round2_gen59706	-14.8245	-14.23016540575	-3.95418615774	-0.9707723194500001	0.29000000000000004
d4_round2_gen141434	-14.74981	-12.61928055745	-3.8445650227100003	-0.01460960793	0.116
d4_round2_gen3452	-14.83968	-14.6426905093	-4.9336366753	-0.46682602452000005	0.34800000000000003
d4_round2_gen4881	-14.8836	-15.43055066898	-4.1685619026700005	-0.5072183301600001	0.34800000000000003
d4_round2_gen232	-15.07991	-13.95008863768	-2.71720784144	-1.93776153174	0.232
d4_round2_gen795251	-14.76128	-14.01882719527	-5.372145763720001	-0.5377064142600001	0.34800000000000003
d4_round2_gen10916	-15.46451	-14.68525628572	-4.4467954910800005	-0.8520626463300001	0.29000000000000004
d4_round2_gen74440	-16.82941	-16.12321452445	-2.61525559533	-0.06496487901	0.464
d4_round2_gen795901	-14.82091	-14.925308143269998	-2.7217745266200004	-1.50587050455	0.29000000000000004
d4_round2_gen837	-14.77024	-14.18549806589	-4.44830661429	-0.45896609070000005	0.29000000000000004
d4_round2_gen597045	-15.17058	-13.61855289895	-1.5560199465600002	-0.0	0.29000000000000004
d4_round2_gen17680	-15.09848	-14.20003504945	-3.2444828812800006	-0.30099199482	0.34800000000000003
d4_round2_gen792092	-14.68835	-15.402924394199998	-4.019903359600001	-0.41636501442	0.34800000000000003
d4_round2_gen21764	-14.92204	-15.02496319498	-3.4868664830600005	-0.7664610352500001	0.29000000000000004
d4_round2_gen798821	-14.68103	-15.05006133835	-3.1236249372700002	-1.65553821297	0.34800000000000003
d4_round2_gen23707	-14.77235	-14.33373788347	-3.86379265403	-0.8969723578800001	0.29000000000000004
d4_round2_gen4408	-15.12703	-13.782726573449999	-4.52511543947	-0.35326231704000005	0.232
d4_round2_gen16357	-15.1034	-14.099842770520002	-3.46256121123	-1.06254791442	0.232
d4_round2_gen150973	-14.90304	-15.44282866044	-3.04755817213	-1.6455165036300001	0.5800000000000001
d4_round2_gen40297	-14.78754	-12.670623528370001	-3.6151580030000003	-1.0969365934800002	0.17400000000000002
d4_round2_gen471875	-15.2835	-13.41905924113	-4.31525307484	-0.23350700250000003	0.17400000000000002
d4_round2_gen15458	-15.09064	-13.13973834822	-4.15188694386	-0.44953182036000006	0.17400000000000002
d4_round2_gen4252	-14.99172	-13.62303863405	-4.629666649170001	-1.9975393243800001	0.34800000000000003
d4_round2_gen783484	-17.47031	-16.64544170206	-1.8487545664700002	-0.0	0.464
d4_round2_gen798461	-14.82277	-15.188995946309998	-2.09306310566	-1.86983596017	0.29000000000000004
d4_round2_gen3240	-14.81767	-13.511718904110001	-3.35764107565	-2.28315804057	0.29000000000000004
d4_round2_gen168	-14.72562	-13.409926082699998	-4.02671551285	-1.59103153638	0.29000000000000004
d4_round2_gen191539	-15.5383	-13.046863896920001	-1.8519079709500001	-0.63856381617	0.232
d4_round2_gen501593	-14.79605	-15.43352879	-4.078476304780001	-0.47712383019000004	0.34800000000000003
d4_round2_gen19393	-14.87753	-15.097063164780002	-3.7101669378000004	-0.42244500807000007	0.29000000000000004
d4_round2_gen41838	-15.85665	-15.91151984614	-4.48141175029	-0.10858222476000001	0.29000000000000004
d4_round2_gen79780	-14.8378	-12.881912858820002	-4.5607623765900005	-0.0	0.17400000000000002
d4_round2_gen22	-14.76207	-14.829158567879999	-2.6942688578500005	-2.41617772773	0.34800000000000003
d4_round2_gen31030	-14.87157	-14.8190892393	-3.81601079084	-0.5805659637	0.29000000000000004
d4_round2_gen20601	-15.44525	-14.129682431209998	-4.4075634500900005	-1.42196071779	0.29000000000000004
d4_round2_gen395182	-14.91808	-11.333458162939998	-3.2316991787100005	-0.35702780103000004	0.17400000000000002
d4_round2_gen7003	-14.92117	-13.04636674659	-3.18274495885	-2.1753453609	0.232
d4_round2_gen1588	-15.37913	-13.06728173431	-4.00402376571	-1.9027677905100002	0.232
d4_round2_gen7483	-14.9388	-14.98563884553	-3.4288511349800004	-1.7637268536000001	0.34800000000000003
d4_round2_gen39089	-15.06507	-14.66107020947	-3.3648596786100002	-0.56036981088	0.232
d4_round2_gen46721	-14.90308	-14.552600266939999	-3.39604373479	-0.44326972062000003	0.232
d4_round2_gen25693	-15.26644	-15.07367928138	-4.51769098148	-1.03059710721	0.34800000000000003
d4_round2_gen229816	-15.70129	-15.902400086180002	-3.53194242221	-0.8486026306200001	0.29000000000000004
d4_round2_gen68697	-14.79891	-14.959261323530002	-4.16377112658	-0.0	0.29000000000000004
d4_round2_gen35925	-15.04883	-14.99808167246	-4.854199077880001	-0.47374605594	0.34800000000000003
d4_round2_gen555974	-15.16568	-12.929695102589998	-1.5560995531900002	-1.57187515059	0.5800000000000001
d4_round2_gen1349	-14.83983	-14.301375232829999	-4.45091329306	-0.42668631765000004	0.29000000000000004
d4_round2_gen791778	-15.1515	-15.32814682794	-3.5889930221000004	-0.6684174661500001	0.29000000000000004
d4_round2_gen24601	-14.84851	-13.345774516799999	-3.9963902964800004	-0.97278136083	0.232
d4_round2_gen7813	-14.75859	-14.19560601694	-4.05266622216	-0.8298163314000001	0.29000000000000004
d4_round2_gen29078	-15.43833	-14.50393931372	-2.90301252138	-0.29317318173	0.34800000000000003
d4_round2_gen21104	-14.83346	-13.8471184393	-3.9685967112200005	-1.34402518566	0.29000000000000004
d4_round2_gen794563	-14.82422	-13.092791619349999	-4.16895993582	-1.89995983209	0.29000000000000004
d4_round2_gen123917	-14.97264	-13.18269354339	-5.219469365320001	-0.07318902501	0.232
d4_round2_gen22807	-15.42663	-14.13517153175	-4.89049023253	-0.00114550605	0.232
d4_round2_gen43548	-14.82144	-13.41526389489	-4.0028675407800005	-0.0	0.17400000000000002
d4_round2_gen792049	-15.26918	-14.055740749409999	-4.1591553448	-1.5080792751900003	0.29000000000000004
d4_round2_gen201468	-15.22972	-12.122757596389999	-3.0996426509300004	-1.3376338493400002	0.522
d4_round2_gen206927	-14.9104	-14.45435089527	-3.4847788254900003	-0.46166243571000004	0.232
d4_round2_gen796003	-14.82081	-14.404386872019998	-2.5648042798600006	-2.61355723173	0.34800000000000003
d4_round2_gen4300	-14.98382	-15.32631729254	-4.490202496520001	-0.42603426036	0.34800000000000003
d4_round2_gen54885	-15.25063	-13.620251444219997	-3.46275233728	-0.39345489342000006	0.34800000000000003
d4_round2_gen132228	-15.30682	-15.419357589879997	-4.58708025833	-0.6668196320700001	0.34800000000000003
d4_round2_gen1706	-14.94338	-15.553595199020002	-3.3568148500100006	-0.83860441884	0.34800000000000003
d4_round2_gen63213	-15.10246	-14.28384089071	-3.04986886854	-2.1729192378300004	0.29000000000000004
d4_round2_gen769011	-15.4755	-14.419932965570004	-2.3783701113700007	-0.49048219305	0.34800000000000003
d4_round2_gen3728	-14.78488	-14.468893202670001	-2.8554403708100002	-1.77657414453	0.29000000000000004
d4_round2_gen7263	-14.84106	-14.068825059509997	-4.3810526888500005	-1.59358102164	0.34800000000000003
d4_round2_gen225	-15.1605	-13.98741931252	-3.6665074355600007	-1.9407280986900002	0.29000000000000004
d4_round2_gen599785	-15.09551	-12.99533042628	-3.43455230231	-0.43165017720000004	0.116
d4_round2_gen35467	-15.29892	-15.066255822750005	-4.12619188756	-0.5791678588800001	0.29000000000000004
d4_round2_gen18567	-14.92111	-13.806404818119999	-3.5919994874700003	-1.8860257790100001	0.29000000000000004
d4_round2_gen1529	-14.97754	-13.14346207328	-3.6017939084800004	-1.7322518719800002	0.232
d4_round2_gen799489	-14.76309	-14.30114109002	-2.9113305374900005	-1.86297467265	0.29000000000000004
d4_round2_gen4775	-15.00436	-14.255103772899998	-4.52490818168	-0.6179388328800001	0.29000000000000004
d4_round2_gen76976	-15.38832	-14.042963318860002	-4.351980487850001	-0.587439	0.232
d4_round2_gen52290	-14.9355	-12.748331803249998	-4.19237164953	-0.60712408089	0.17400000000000002
d4_round2_gen79598	-15.08222	-15.04846621037	-4.435485738580001	-0.0	0.29000000000000004
